Time [seconds]	Counts
4.98538e+11	177
1.49561e+12	189
2.49269e+12	178
3.48977e+12	187
4.48684e+12	179
5.48392e+12	164
6.481e+12	208
7.47807e+12	206
8.47515e+12	180
9.47222e+12	199
1.04693e+13	155
1.14664e+13	184
1.24635e+13	191
1.34605e+13	189
1.44576e+13	185
1.54547e+13	175
1.64518e+13	167
1.74488e+13	174
1.84459e+13	200
1.9443e+13	166
2.04401e+13	188
2.14371e+13	170
2.24342e+13	160
2.34313e+13	179
2.44284e+13	160
2.54254e+13	168
2.64225e+13	172
2.74196e+13	173
2.84167e+13	166
2.94137e+13	157
3.04108e+13	186
3.14079e+13	188
3.2405e+13	178
3.34021e+13	185
3.43991e+13	162
3.53962e+13	199
3.63933e+13	161
3.73904e+13	166
3.83874e+13	178
3.93845e+13	167
4.03816e+13	193
4.13787e+13	157
4.23757e+13	182
4.33728e+13	170
4.43699e+13	175
4.5367e+13	176
4.6364e+13	167
4.73611e+13	185
4.83582e+13	181
4.93553e+13	179
5.03524e+13	150
5.13494e+13	190
5.23465e+13	168
5.33436e+13	176
5.43407e+13	169
5.53377e+13	155
5.63348e+13	183
5.73319e+13	168
5.8329e+13	170
5.9326e+13	171
6.03231e+13	174
6.13202e+13	151
6.23173e+13	158
6.33143e+13	182
6.43114e+13	189
6.53085e+13	159
6.63056e+13	159
6.73026e+13	171
6.82997e+13	168
6.92968e+13	176
7.02939e+13	190
7.1291e+13	185
7.2288e+13	161
7.32851e+13	168
7.42822e+13	187
7.52793e+13	194
7.62763e+13	157
7.72734e+13	180
7.82705e+13	175
7.92676e+13	182
8.02646e+13	177
8.12617e+13	168
8.22588e+13	191
8.32559e+13	163
8.42529e+13	172
8.525e+13	189
8.62471e+13	154
8.72442e+13	194
8.82412e+13	169
8.92383e+13	182
9.02354e+13	171
9.12325e+13	183
9.22295e+13	176
9.32266e+13	162
9.42237e+13	194
9.52208e+13	175
9.62179e+13	151
9.72149e+13	177
9.8212e+13	159
9.92091e+13	159
1.00206e+14	156
1.01203e+14	179
1.022e+14	175
1.03197e+14	158
1.04194e+14	177
1.05192e+14	186
1.06189e+14	185
1.07186e+14	181
1.08183e+14	166
1.0918e+14	176
1.10177e+14	179
1.11174e+14	170
1.12171e+14	175
1.13168e+14	152
1.14165e+14	174
1.15162e+14	174
1.16159e+14	200
1.17156e+14	161
1.18154e+14	162
1.19151e+14	219
1.20148e+14	190
1.21145e+14	171
1.22142e+14	186
1.23139e+14	177
1.24136e+14	183
1.25133e+14	157
1.2613e+14	187
1.27127e+14	192
1.28124e+14	161
1.29121e+14	166
1.30118e+14	163
1.31116e+14	171
1.32113e+14	186
1.3311e+14	179
1.34107e+14	182
1.35104e+14	155
1.36101e+14	189
1.37098e+14	170
1.38095e+14	175
1.39092e+14	173
1.40089e+14	176
1.41086e+14	185
1.42083e+14	179
1.4308e+14	175
1.44078e+14	167
1.45075e+14	170
1.46072e+14	162
1.47069e+14	166
1.48066e+14	174
1.49063e+14	186
1.5006e+14	199
1.51057e+14	182
1.52054e+14	182
1.53051e+14	169
1.54048e+14	189
1.55045e+14	196
1.56042e+14	178
1.5704e+14	160
1.58037e+14	171
1.59034e+14	169
1.60031e+14	183
1.61028e+14	165
1.62025e+14	174
1.63022e+14	151
1.64019e+14	172
1.65016e+14	176
1.66013e+14	164
1.6701e+14	179
1.68007e+14	164
1.69004e+14	199
1.70001e+14	185
1.70999e+14	179
1.71996e+14	147
1.72993e+14	182
1.7399e+14	169
1.74987e+14	167
1.75984e+14	186
1.76981e+14	192
1.77978e+14	151
1.78975e+14	182
1.79972e+14	175
1.80969e+14	175
1.81966e+14	144
1.82963e+14	193
1.83961e+14	189
1.84958e+14	149
1.85955e+14	208
1.86952e+14	170
1.87949e+14	182
1.88946e+14	165
1.89943e+14	171
1.9094e+14	148
1.91937e+14	182
1.92934e+14	176
1.93931e+14	170
1.94928e+14	168
1.95925e+14	158
1.96923e+14	199
1.9792e+14	144
1.98917e+14	151
1.99914e+14	187
2.00911e+14	178
2.01908e+14	198
2.02905e+14	175
2.03902e+14	157
2.04899e+14	178
2.05896e+14	167
2.06893e+14	187
2.0789e+14	171
2.08887e+14	182
2.09885e+14	189
2.10882e+14	164
2.11879e+14	184
2.12876e+14	170
2.13873e+14	172
2.1487e+14	196
2.15867e+14	163
2.16864e+14	158
2.17861e+14	166
2.18858e+14	190
2.19855e+14	177
2.20852e+14	181
2.21849e+14	182
2.22847e+14	150
2.23844e+14	165
2.24841e+14	159
2.25838e+14	196
2.26835e+14	177
2.27832e+14	184
2.28829e+14	182
2.29826e+14	163
2.30823e+14	182
2.3182e+14	169
2.32817e+14	166
2.33814e+14	160
2.34811e+14	181
2.35809e+14	177
2.36806e+14	168
2.37803e+14	190
2.388e+14	173
2.39797e+14	185
2.40794e+14	177
2.41791e+14	169
2.42788e+14	181
2.43785e+14	179
2.44782e+14	173
2.45779e+14	161
2.46776e+14	179
2.47773e+14	167
2.48771e+14	176
2.49768e+14	162
2.50765e+14	177
2.51762e+14	181
2.52759e+14	162
2.53756e+14	186
2.54753e+14	166
2.5575e+14	201
2.56747e+14	173
2.57744e+14	161
2.58741e+14	193
2.59738e+14	202
2.60735e+14	196
2.61733e+14	171
2.6273e+14	180
2.63727e+14	173
2.64724e+14	157
2.65721e+14	166
2.66718e+14	184
2.67715e+14	172
2.68712e+14	192
2.69709e+14	176
2.70706e+14	172
2.71703e+14	174
2.727e+14	198
2.73697e+14	166
2.74694e+14	174
2.75692e+14	154
2.76689e+14	164
2.77686e+14	155
2.78683e+14	162
2.7968e+14	181
2.80677e+14	170
2.81674e+14	162
2.82671e+14	169
2.83668e+14	171
2.84665e+14	168
2.85662e+14	177
2.86659e+14	146
2.87657e+14	168
2.88654e+14	177
2.89651e+14	158
2.90648e+14	178
2.91645e+14	183
2.92642e+14	183
2.93639e+14	181
2.94636e+14	169
2.95633e+14	185
2.9663e+14	190
2.97627e+14	161
2.98624e+14	190
2.99621e+14	181
