Time [seconds]	Counts
4.98509e+11	906
1.49553e+12	796
2.49254e+12	820
3.48956e+12	841
4.48658e+12	850
5.4836e+12	866
6.48061e+12	839
7.47763e+12	829
8.47465e+12	872
9.47167e+12	861
1.04687e+13	825
1.14657e+13	882
1.24627e+13	840
1.34597e+13	866
1.44568e+13	904
1.54538e+13	849
1.64508e+13	879
1.74478e+13	824
1.84448e+13	823
1.94418e+13	914
2.04389e+13	924
2.14359e+13	809
2.24329e+13	845
2.34299e+13	878
2.44269e+13	879
2.54239e+13	843
2.6421e+13	832
2.7418e+13	864
2.8415e+13	792
2.9412e+13	837
3.0409e+13	858
3.14061e+13	872
3.24031e+13	872
3.34001e+13	887
3.43971e+13	835
3.53941e+13	805
3.63911e+13	849
3.73882e+13	825
3.83852e+13	912
3.93822e+13	841
4.03792e+13	883
4.13762e+13	849
4.23732e+13	882
4.33703e+13	856
4.43673e+13	844
4.53643e+13	835
4.63613e+13	806
4.73583e+13	879
4.83554e+13	862
4.93524e+13	885
5.03494e+13	805
5.13464e+13	867
5.23434e+13	864
5.33404e+13	852
5.43375e+13	801
5.53345e+13	877
5.63315e+13	857
5.73285e+13	856
5.83255e+13	903
5.93225e+13	851
6.03196e+13	838
6.13166e+13	840
6.23136e+13	864
6.33106e+13	891
6.43076e+13	858
6.53046e+13	903
6.63017e+13	852
6.72987e+13	826
6.82957e+13	846
6.92927e+13	877
7.02897e+13	822
7.12868e+13	854
7.22838e+13	844
7.32808e+13	882
7.42778e+13	909
7.52748e+13	895
7.62718e+13	913
7.72689e+13	884
7.82659e+13	815
7.92629e+13	879
8.02599e+13	839
8.12569e+13	862
8.22539e+13	855
8.3251e+13	809
8.4248e+13	843
8.5245e+13	893
8.6242e+13	918
8.7239e+13	876
8.82361e+13	875
8.92331e+13	778
9.02301e+13	870
9.12271e+13	820
9.22241e+13	807
9.32211e+13	814
9.42182e+13	823
9.52152e+13	861
9.62122e+13	823
9.72092e+13	808
9.82062e+13	829
9.92032e+13	862
1.002e+14	900
1.01197e+14	869
1.02194e+14	800
1.03191e+14	781
1.04188e+14	857
1.05185e+14	897
1.06182e+14	830
1.07179e+14	855
1.08176e+14	828
1.09173e+14	856
1.1017e+14	859
1.11167e+14	838
1.12164e+14	855
1.13161e+14	927
1.14159e+14	832
1.15156e+14	836
1.16153e+14	811
1.1715e+14	906
1.18147e+14	865
1.19144e+14	868
1.20141e+14	887
1.21138e+14	872
1.22135e+14	863
1.23132e+14	846
1.24129e+14	898
1.25126e+14	820
1.26123e+14	909
1.2712e+14	869
1.28117e+14	853
1.29114e+14	853
1.30111e+14	842
1.31108e+14	847
1.32105e+14	869
1.33102e+14	871
1.34099e+14	870
1.35096e+14	845
1.36093e+14	927
1.3709e+14	855
1.38087e+14	854
1.39084e+14	857
1.40081e+14	854
1.41078e+14	857
1.42075e+14	833
1.43072e+14	844
1.44069e+14	840
1.45066e+14	815
1.46063e+14	828
1.4706e+14	826
1.48057e+14	874
1.49054e+14	811
1.50051e+14	818
1.51048e+14	795
1.52045e+14	883
1.53042e+14	830
1.54039e+14	868
1.55036e+14	878
1.56033e+14	915
1.5703e+14	850
1.58027e+14	813
1.59024e+14	839
1.60021e+14	886
1.61018e+14	934
1.62015e+14	798
1.63012e+14	860
1.64009e+14	873
1.65006e+14	859
1.66003e+14	879
1.67e+14	811
1.67997e+14	862
1.68994e+14	842
1.69991e+14	857
1.70989e+14	900
1.71986e+14	863
1.72983e+14	819
1.7398e+14	868
1.74977e+14	881
1.75974e+14	849
1.76971e+14	872
1.77968e+14	862
1.78965e+14	879
1.79962e+14	875
1.80959e+14	906
1.81956e+14	905
1.82953e+14	823
1.8395e+14	813
1.84947e+14	851
1.85944e+14	914
1.86941e+14	836
1.87938e+14	872
1.88935e+14	887
1.89932e+14	836
1.90929e+14	845
1.91926e+14	901
1.92923e+14	780
1.9392e+14	858
1.94917e+14	850
1.95914e+14	881
1.96911e+14	807
1.97908e+14	874
1.98905e+14	847
1.99902e+14	860
2.00899e+14	799
2.01896e+14	832
2.02893e+14	812
2.0389e+14	815
2.04887e+14	877
2.05884e+14	812
2.06881e+14	880
2.07878e+14	876
2.08875e+14	838
2.09872e+14	835
2.10869e+14	830
2.11866e+14	864
2.12863e+14	852
2.1386e+14	835
2.14857e+14	836
2.15854e+14	830
2.16851e+14	890
2.17848e+14	823
2.18845e+14	837
2.19842e+14	822
2.20839e+14	868
2.21836e+14	869
2.22833e+14	882
2.2383e+14	842
2.24827e+14	870
2.25824e+14	865
2.26821e+14	868
2.27819e+14	841
2.28816e+14	834
2.29813e+14	887
2.3081e+14	867
2.31807e+14	820
2.32804e+14	839
2.33801e+14	789
2.34798e+14	871
2.35795e+14	888
2.36792e+14	918
2.37789e+14	870
2.38786e+14	870
2.39783e+14	879
2.4078e+14	824
2.41777e+14	853
2.42774e+14	876
2.43771e+14	886
2.44768e+14	806
2.45765e+14	847
2.46762e+14	861
2.47759e+14	855
2.48756e+14	870
2.49753e+14	802
2.5075e+14	851
2.51747e+14	842
2.52744e+14	851
2.53741e+14	819
2.54738e+14	858
2.55735e+14	866
2.56732e+14	810
2.57729e+14	852
2.58726e+14	831
2.59723e+14	872
2.6072e+14	858
2.61717e+14	795
2.62714e+14	883
2.63711e+14	827
2.64708e+14	894
2.65705e+14	843
2.66702e+14	865
2.67699e+14	801
2.68696e+14	869
2.69693e+14	844
2.7069e+14	839
2.71687e+14	869
2.72684e+14	884
2.73681e+14	873
2.74678e+14	855
2.75675e+14	795
2.76672e+14	882
2.77669e+14	839
2.78666e+14	859
2.79663e+14	891
2.8066e+14	847
2.81657e+14	842
2.82654e+14	824
2.83651e+14	841
2.84649e+14	822
2.85646e+14	847
2.86643e+14	851
2.8764e+14	883
2.88637e+14	897
2.89634e+14	874
2.90631e+14	873
2.91628e+14	885
2.92625e+14	863
2.93622e+14	871
2.94619e+14	872
2.95616e+14	845
2.96613e+14	859
2.9761e+14	843
2.98607e+14	826
2.99604e+14	920
