Time [seconds]	Counts
4.99517e+11	131
1.49855e+12	133
2.49759e+12	175
3.49662e+12	167
4.49565e+12	141
5.49469e+12	147
6.49372e+12	162
7.49276e+12	140
8.49179e+12	142
9.49082e+12	147
1.04899e+13	163
1.14889e+13	162
1.24879e+13	151
1.3487e+13	139
1.4486e+13	162
1.5485e+13	162
1.64841e+13	155
1.74831e+13	136
1.84821e+13	140
1.94812e+13	144
2.04802e+13	156
2.14792e+13	151
2.24783e+13	169
2.34773e+13	154
2.44763e+13	149
2.54754e+13	146
2.64744e+13	171
2.74734e+13	159
2.84725e+13	175
2.94715e+13	150
3.04705e+13	146
3.14696e+13	155
3.24686e+13	165
3.34676e+13	150
3.44667e+13	154
3.54657e+13	142
3.64647e+13	132
3.74638e+13	167
3.84628e+13	168
3.94618e+13	157
4.04609e+13	165
4.14599e+13	160
4.24589e+13	148
4.3458e+13	148
4.4457e+13	162
4.54561e+13	149
4.64551e+13	146
4.74541e+13	144
4.84532e+13	149
4.94522e+13	169
5.04512e+13	152
5.14503e+13	157
5.24493e+13	143
5.34483e+13	170
5.44474e+13	146
5.54464e+13	161
5.64454e+13	135
5.74445e+13	136
5.84435e+13	177
5.94425e+13	153
6.04416e+13	157
6.14406e+13	152
6.24396e+13	154
6.34387e+13	150
6.44377e+13	144
6.54367e+13	147
6.64358e+13	131
6.74348e+13	163
6.84338e+13	142
6.94329e+13	135
7.04319e+13	180
7.14309e+13	159
7.243e+13	154
7.3429e+13	155
7.4428e+13	150
7.54271e+13	153
7.64261e+13	144
7.74251e+13	136
7.84242e+13	134
7.94232e+13	134
8.04222e+13	138
8.14213e+13	155
8.24203e+13	152
8.34193e+13	149
8.44184e+13	162
8.54174e+13	161
8.64164e+13	138
8.74155e+13	139
8.84145e+13	153
8.94136e+13	158
9.04126e+13	161
9.14116e+13	151
9.24107e+13	167
9.34097e+13	157
9.44087e+13	160
9.54078e+13	169
9.64068e+13	172
9.74058e+13	154
9.84049e+13	153
9.94039e+13	144
1.00403e+14	148
1.01402e+14	145
1.02401e+14	158
1.034e+14	145
1.04399e+14	137
1.05398e+14	183
1.06397e+14	158
1.07396e+14	132
1.08395e+14	143
1.09394e+14	148
1.10393e+14	142
1.11392e+14	147
1.12391e+14	155
1.1339e+14	143
1.14389e+14	131
1.15388e+14	120
1.16387e+14	157
1.17387e+14	135
1.18386e+14	136
1.19385e+14	138
1.20384e+14	156
1.21383e+14	139
1.22382e+14	161
1.23381e+14	145
1.2438e+14	154
1.25379e+14	133
1.26378e+14	181
1.27377e+14	153
1.28376e+14	121
1.29375e+14	163
1.30374e+14	148
1.31373e+14	143
1.32372e+14	164
1.33371e+14	157
1.3437e+14	151
1.35369e+14	152
1.36368e+14	155
1.37367e+14	177
1.38366e+14	149
1.39365e+14	143
1.40364e+14	166
1.41363e+14	147
1.42362e+14	158
1.43361e+14	159
1.4436e+14	150
1.45359e+14	190
1.46358e+14	141
1.47358e+14	145
1.48357e+14	161
1.49356e+14	161
1.50355e+14	172
1.51354e+14	140
1.52353e+14	146
1.53352e+14	149
1.54351e+14	174
1.5535e+14	153
1.56349e+14	163
1.57348e+14	146
1.58347e+14	158
1.59346e+14	141
1.60345e+14	159
1.61344e+14	150
1.62343e+14	156
1.63342e+14	169
1.64341e+14	143
1.6534e+14	165
1.66339e+14	161
1.67338e+14	139
1.68337e+14	163
1.69336e+14	169
1.70335e+14	162
1.71334e+14	159
1.72333e+14	156
1.73332e+14	157
1.74331e+14	151
1.7533e+14	144
1.7633e+14	162
1.77329e+14	163
1.78328e+14	182
1.79327e+14	140
1.80326e+14	178
1.81325e+14	131
1.82324e+14	160
1.83323e+14	162
1.84322e+14	146
1.85321e+14	141
1.8632e+14	142
1.87319e+14	154
1.88318e+14	155
1.89317e+14	156
1.90316e+14	153
1.91315e+14	148
1.92314e+14	158
1.93313e+14	151
1.94312e+14	168
1.95311e+14	149
1.9631e+14	158
1.97309e+14	170
1.98308e+14	161
1.99307e+14	155
2.00306e+14	146
2.01305e+14	149
2.02304e+14	139
2.03303e+14	164
2.04302e+14	139
2.05302e+14	154
2.06301e+14	139
2.073e+14	154
2.08299e+14	154
2.09298e+14	144
2.10297e+14	153
2.11296e+14	146
2.12295e+14	159
2.13294e+14	145
2.14293e+14	151
2.15292e+14	162
2.16291e+14	163
2.1729e+14	144
2.18289e+14	153
2.19288e+14	137
2.20287e+14	150
2.21286e+14	164
2.22285e+14	159
2.23284e+14	149
2.24283e+14	140
2.25282e+14	155
2.26281e+14	158
2.2728e+14	163
2.28279e+14	168
2.29278e+14	164
2.30277e+14	110
2.31276e+14	155
2.32275e+14	147
2.33274e+14	126
2.34273e+14	153
2.35273e+14	135
2.36272e+14	150
2.37271e+14	171
2.3827e+14	159
2.39269e+14	161
2.40268e+14	164
2.41267e+14	159
2.42266e+14	169
2.43265e+14	161
2.44264e+14	154
2.45263e+14	130
2.46262e+14	164
2.47261e+14	123
2.4826e+14	155
2.49259e+14	152
2.50258e+14	157
2.51257e+14	144
2.52256e+14	148
2.53255e+14	145
2.54254e+14	156
2.55253e+14	149
2.56252e+14	143
2.57251e+14	151
2.5825e+14	159
2.59249e+14	149
2.60248e+14	145
2.61247e+14	136
2.62246e+14	170
2.63245e+14	167
2.64245e+14	169
2.65244e+14	144
2.66243e+14	128
2.67242e+14	170
2.68241e+14	180
2.6924e+14	170
2.70239e+14	151
2.71238e+14	151
2.72237e+14	166
2.73236e+14	135
2.74235e+14	138
2.75234e+14	142
2.76233e+14	127
2.77232e+14	160
2.78231e+14	147
2.7923e+14	155
2.80229e+14	124
2.81228e+14	154
2.82227e+14	164
2.83226e+14	164
2.84225e+14	155
2.85224e+14	132
2.86223e+14	165
2.87222e+14	158
2.88221e+14	141
2.8922e+14	178
2.90219e+14	151
2.91218e+14	173
2.92217e+14	171
2.93217e+14	137
2.94216e+14	145
2.95215e+14	135
2.96214e+14	162
2.97213e+14	158
2.98212e+14	146
2.99211e+14	156
3.0021e+14	154
3.01209e+14	167
3.02208e+14	153
3.03207e+14	147
3.04206e+14	151
3.05205e+14	146
3.06204e+14	142
3.07203e+14	158
3.08202e+14	178
