Time [seconds]	Counts
4.98542e+11	124
1.49563e+12	120
2.49271e+12	137
3.48979e+12	148
4.48688e+12	125
5.48396e+12	128
6.48105e+12	103
7.47813e+12	130
8.47522e+12	114
9.4723e+12	133
1.04694e+13	112
1.14665e+13	114
1.24636e+13	126
1.34606e+13	95
1.44577e+13	113
1.54548e+13	112
1.64519e+13	127
1.7449e+13	114
1.84461e+13	114
1.94431e+13	121
2.04402e+13	129
2.14373e+13	118
2.24344e+13	130
2.34315e+13	115
2.44286e+13	121
2.54256e+13	119
2.64227e+13	132
2.74198e+13	142
2.84169e+13	137
2.9414e+13	113
3.04111e+13	112
3.14082e+13	125
3.24052e+13	114
3.34023e+13	121
3.43994e+13	124
3.53965e+13	143
3.63936e+13	136
3.73907e+13	123
3.83877e+13	119
3.93848e+13	115
4.03819e+13	110
4.1379e+13	126
4.23761e+13	101
4.33732e+13	135
4.43702e+13	108
4.53673e+13	118
4.63644e+13	118
4.73615e+13	107
4.83586e+13	118
4.93557e+13	118
5.03527e+13	107
5.13498e+13	123
5.23469e+13	124
5.3344e+13	120
5.43411e+13	115
5.53382e+13	133
5.63353e+13	126
5.73323e+13	130
5.83294e+13	127
5.93265e+13	100
6.03236e+13	101
6.13207e+13	125
6.23178e+13	108
6.33148e+13	105
6.43119e+13	132
6.5309e+13	107
6.63061e+13	133
6.73032e+13	113
6.83003e+13	139
6.92973e+13	131
7.02944e+13	132
7.12915e+13	121
7.22886e+13	133
7.32857e+13	113
7.42828e+13	135
7.52799e+13	123
7.62769e+13	107
7.7274e+13	102
7.82711e+13	130
7.92682e+13	124
8.02653e+13	123
8.12624e+13	106
8.22594e+13	125
8.32565e+13	121
8.42536e+13	112
8.52507e+13	123
8.62478e+13	114
8.72449e+13	120
8.82419e+13	131
8.9239e+13	115
9.02361e+13	138
9.12332e+13	108
9.22303e+13	109
9.32274e+13	107
9.42245e+13	128
9.52215e+13	134
9.62186e+13	138
9.72157e+13	123
9.82128e+13	124
9.92099e+13	114
1.00207e+14	113
1.01204e+14	133
1.02201e+14	125
1.03198e+14	110
1.04195e+14	119
1.05192e+14	101
1.06189e+14	147
1.07187e+14	122
1.08184e+14	126
1.09181e+14	122
1.10178e+14	122
1.11175e+14	126
1.12172e+14	107
1.13169e+14	130
1.14166e+14	125
1.15163e+14	109
1.1616e+14	131
1.17157e+14	116
1.18154e+14	111
1.19152e+14	104
1.20149e+14	117
1.21146e+14	128
1.22143e+14	133
1.2314e+14	124
1.24137e+14	114
1.25134e+14	107
1.26131e+14	126
1.27128e+14	116
1.28125e+14	127
1.29122e+14	121
1.30119e+14	94
1.31117e+14	128
1.32114e+14	117
1.33111e+14	125
1.34108e+14	133
1.35105e+14	114
1.36102e+14	130
1.37099e+14	121
1.38096e+14	124
1.39093e+14	129
1.4009e+14	105
1.41087e+14	139
1.42084e+14	125
1.43082e+14	98
1.44079e+14	104
1.45076e+14	110
1.46073e+14	114
1.4707e+14	129
1.48067e+14	126
1.49064e+14	106
1.50061e+14	128
1.51058e+14	115
1.52055e+14	102
1.53052e+14	149
1.5405e+14	117
1.55047e+14	134
1.56044e+14	135
1.57041e+14	135
1.58038e+14	127
1.59035e+14	103
1.60032e+14	127
1.61029e+14	127
1.62026e+14	105
1.63023e+14	101
1.6402e+14	123
1.65017e+14	120
1.66015e+14	125
1.67012e+14	108
1.68009e+14	107
1.69006e+14	117
1.70003e+14	110
1.71e+14	117
1.71997e+14	117
1.72994e+14	123
1.73991e+14	120
1.74988e+14	108
1.75985e+14	120
1.76982e+14	115
1.7798e+14	118
1.78977e+14	88
1.79974e+14	101
1.80971e+14	115
1.81968e+14	130
1.82965e+14	127
1.83962e+14	111
1.84959e+14	104
1.85956e+14	136
1.86953e+14	117
1.8795e+14	123
1.88947e+14	116
1.89945e+14	123
1.90942e+14	133
1.91939e+14	148
1.92936e+14	112
1.93933e+14	105
1.9493e+14	125
1.95927e+14	111
1.96924e+14	127
1.97921e+14	124
1.98918e+14	109
1.99915e+14	138
2.00912e+14	126
2.0191e+14	119
2.02907e+14	115
2.03904e+14	119
2.04901e+14	117
2.05898e+14	127
2.06895e+14	123
2.07892e+14	112
2.08889e+14	113
2.09886e+14	101
2.10883e+14	102
2.1188e+14	120
2.12877e+14	127
2.13875e+14	105
2.14872e+14	134
2.15869e+14	145
2.16866e+14	117
2.17863e+14	112
2.1886e+14	124
2.19857e+14	128
2.20854e+14	118
2.21851e+14	111
2.22848e+14	116
2.23845e+14	117
2.24842e+14	110
2.2584e+14	120
2.26837e+14	115
2.27834e+14	140
2.28831e+14	129
2.29828e+14	103
2.30825e+14	105
2.31822e+14	108
2.32819e+14	104
2.33816e+14	136
2.34813e+14	121
2.3581e+14	113
2.36807e+14	114
2.37805e+14	118
2.38802e+14	119
2.39799e+14	113
2.40796e+14	156
2.41793e+14	108
2.4279e+14	113
2.43787e+14	120
2.44784e+14	106
2.45781e+14	140
2.46778e+14	116
2.47775e+14	129
2.48772e+14	123
2.4977e+14	118
2.50767e+14	124
2.51764e+14	118
2.52761e+14	116
2.53758e+14	109
2.54755e+14	112
2.55752e+14	115
2.56749e+14	111
2.57746e+14	109
2.58743e+14	121
2.5974e+14	123
2.60737e+14	124
2.61735e+14	111
2.62732e+14	126
2.63729e+14	87
2.64726e+14	98
2.65723e+14	123
2.6672e+14	126
2.67717e+14	127
2.68714e+14	106
2.69711e+14	105
2.70708e+14	115
2.71705e+14	127
2.72703e+14	102
2.737e+14	103
2.74697e+14	132
2.75694e+14	120
2.76691e+14	121
2.77688e+14	130
2.78685e+14	110
2.79682e+14	106
2.80679e+14	131
2.81676e+14	107
2.82673e+14	108
2.8367e+14	131
2.84668e+14	129
2.85665e+14	126
2.86662e+14	112
2.87659e+14	106
2.88656e+14	112
2.89653e+14	131
2.9065e+14	110
2.91647e+14	140
2.92644e+14	116
2.93641e+14	129
2.94638e+14	119
2.95635e+14	106
2.96633e+14	119
2.9763e+14	139
2.98627e+14	123
2.99624e+14	123
