Time [seconds]	Counts
4.98557e+11	3002
1.49567e+12	3033
2.49278e+12	3014
3.4899e+12	2945
4.48701e+12	3101
5.48412e+12	2963
6.48123e+12	2993
7.47835e+12	3083
8.47546e+12	2987
9.47257e+12	3119
1.04697e+13	3064
1.14668e+13	2931
1.24639e+13	2883
1.3461e+13	3094
1.44581e+13	3026
1.54553e+13	3000
1.64524e+13	3045
1.74495e+13	2987
1.84466e+13	3057
1.94437e+13	3070
2.04408e+13	3029
2.14379e+13	3002
2.2435e+13	2933
2.34322e+13	2904
2.44293e+13	2979
2.54264e+13	2930
2.64235e+13	3117
2.74206e+13	2951
2.84177e+13	3083
2.94148e+13	3049
3.04119e+13	2916
3.14091e+13	2978
3.24062e+13	2945
3.34033e+13	3068
3.44004e+13	2925
3.53975e+13	3029
3.63946e+13	3030
3.73917e+13	3008
3.83889e+13	3013
3.9386e+13	2999
4.03831e+13	3029
4.13802e+13	2925
4.23773e+13	2936
4.33744e+13	3074
4.43715e+13	3091
4.53686e+13	2953
4.63658e+13	2931
4.73629e+13	2913
4.836e+13	3016
4.93571e+13	2988
5.03542e+13	2953
5.13513e+13	3078
5.23484e+13	2957
5.33455e+13	2960
5.43427e+13	3072
5.53398e+13	3037
5.63369e+13	2955
5.7334e+13	2962
5.83311e+13	3072
5.93282e+13	3039
6.03253e+13	3018
6.13225e+13	3023
6.23196e+13	3036
6.33167e+13	3041
6.43138e+13	2986
6.53109e+13	2952
6.6308e+13	3077
6.73051e+13	2940
6.83022e+13	3009
6.92994e+13	2992
7.02965e+13	3048
7.12936e+13	2918
7.22907e+13	2943
7.32878e+13	3047
7.42849e+13	3050
7.5282e+13	3034
7.62791e+13	3093
7.72763e+13	2953
7.82734e+13	3001
7.92705e+13	2902
8.02676e+13	3013
8.12647e+13	2999
8.22618e+13	2989
8.32589e+13	2927
8.42561e+13	2930
8.52532e+13	2955
8.62503e+13	2961
8.72474e+13	2989
8.82445e+13	2975
8.92416e+13	3042
9.02387e+13	3017
9.12358e+13	3039
9.2233e+13	3018
9.32301e+13	3033
9.42272e+13	2972
9.52243e+13	3063
9.62214e+13	2982
9.72185e+13	2868
9.82156e+13	2956
9.92127e+13	2987
1.0021e+14	2939
1.01207e+14	3018
1.02204e+14	3026
1.03201e+14	3036
1.04198e+14	2960
1.05195e+14	2960
1.06193e+14	2972
1.0719e+14	2939
1.08187e+14	3047
1.09184e+14	2995
1.10181e+14	2997
1.11178e+14	2940
1.12175e+14	3010
1.13172e+14	3055
1.14169e+14	3082
1.15167e+14	2925
1.16164e+14	2953
1.17161e+14	3038
1.18158e+14	3034
1.19155e+14	3055
1.20152e+14	3057
1.21149e+14	2993
1.22146e+14	2968
1.23143e+14	2991
1.24141e+14	2985
1.25138e+14	3088
1.26135e+14	3009
1.27132e+14	3002
1.28129e+14	2966
1.29126e+14	3130
1.30123e+14	2925
1.3112e+14	3029
1.32117e+14	3015
1.33115e+14	2974
1.34112e+14	3048
1.35109e+14	3036
1.36106e+14	3040
1.37103e+14	2910
1.381e+14	2966
1.39097e+14	2966
1.40094e+14	3061
1.41092e+14	3005
1.42089e+14	2963
1.43086e+14	2954
1.44083e+14	3004
1.4508e+14	3112
1.46077e+14	3043
1.47074e+14	3123
1.48071e+14	2997
1.49068e+14	2983
1.50066e+14	2970
1.51063e+14	3005
1.5206e+14	3068
1.53057e+14	3023
1.54054e+14	2963
1.55051e+14	3060
1.56048e+14	3032
1.57045e+14	2910
1.58042e+14	3016
1.5904e+14	3024
1.60037e+14	3050
1.61034e+14	2941
1.62031e+14	2992
1.63028e+14	2954
1.64025e+14	2981
1.65022e+14	2992
1.66019e+14	2972
1.67016e+14	3000
1.68014e+14	2917
1.69011e+14	3063
1.70008e+14	3058
1.71005e+14	2896
1.72002e+14	2896
1.72999e+14	3105
1.73996e+14	3019
1.74993e+14	3114
1.7599e+14	2960
1.76988e+14	2987
1.77985e+14	3109
1.78982e+14	3038
1.79979e+14	2881
1.80976e+14	2975
1.81973e+14	3056
1.8297e+14	2958
1.83967e+14	3070
1.84964e+14	2978
1.85962e+14	2989
1.86959e+14	3001
1.87956e+14	3001
1.88953e+14	2979
1.8995e+14	2994
1.90947e+14	2937
1.91944e+14	3023
1.92941e+14	2941
1.93938e+14	3015
1.94936e+14	2951
1.95933e+14	3026
1.9693e+14	3090
1.97927e+14	2985
1.98924e+14	2956
1.99921e+14	3005
2.00918e+14	3023
2.01915e+14	3038
2.02913e+14	2907
2.0391e+14	2919
2.04907e+14	2922
2.05904e+14	3104
2.06901e+14	3024
2.07898e+14	2912
2.08895e+14	2991
2.09892e+14	3046
2.10889e+14	3036
2.11887e+14	2988
2.12884e+14	2921
2.13881e+14	3103
2.14878e+14	2916
2.15875e+14	2979
2.16872e+14	3020
2.17869e+14	2987
2.18866e+14	3026
2.19863e+14	2978
2.20861e+14	3011
2.21858e+14	3034
2.22855e+14	3044
2.23852e+14	3043
2.24849e+14	2952
2.25846e+14	3086
2.26843e+14	3064
2.2784e+14	2959
2.28837e+14	3058
2.29835e+14	3021
2.30832e+14	2935
2.31829e+14	2914
2.32826e+14	2924
2.33823e+14	3003
2.3482e+14	2939
2.35817e+14	3027
2.36814e+14	2939
2.37811e+14	3075
2.38809e+14	3069
2.39806e+14	3127
2.40803e+14	3065
2.418e+14	3023
2.42797e+14	3002
2.43794e+14	2962
2.44791e+14	3003
2.45788e+14	3020
2.46785e+14	3018
2.47783e+14	2972
2.4878e+14	3006
2.49777e+14	2922
2.50774e+14	3003
2.51771e+14	3076
2.52768e+14	2996
2.53765e+14	2941
2.54762e+14	2938
2.55759e+14	3046
2.56757e+14	3072
2.57754e+14	3003
2.58751e+14	2936
2.59748e+14	3055
2.60745e+14	2928
2.61742e+14	2917
2.62739e+14	2993
2.63736e+14	3051
2.64734e+14	2894
2.65731e+14	3030
2.66728e+14	3036
2.67725e+14	2979
2.68722e+14	2866
2.69719e+14	2994
2.70716e+14	2984
2.71713e+14	3000
2.7271e+14	3008
2.73708e+14	2988
2.74705e+14	3031
2.75702e+14	2909
2.76699e+14	2994
2.77696e+14	2987
2.78693e+14	2940
2.7969e+14	2994
2.80687e+14	2886
2.81684e+14	3004
2.82682e+14	3067
2.83679e+14	2954
2.84676e+14	3012
2.85673e+14	2958
2.8667e+14	2987
2.87667e+14	3040
2.88664e+14	3041
2.89661e+14	3024
2.90658e+14	3041
2.91656e+14	2996
2.92653e+14	3051
2.9365e+14	3010
2.94647e+14	2957
2.95644e+14	2895
2.96641e+14	3038
2.97638e+14	2979
2.98635e+14	2983
2.99632e+14	2962
