Time [seconds]	Counts
4.98531e+11	560
1.49559e+12	524
2.49266e+12	560
3.48972e+12	520
4.48678e+12	527
5.48384e+12	561
6.48091e+12	541
7.47797e+12	553
8.47503e+12	608
9.47209e+12	524
1.04692e+13	566
1.14662e+13	593
1.24633e+13	561
1.34603e+13	521
1.44574e+13	535
1.54545e+13	564
1.64515e+13	548
1.74486e+13	548
1.84457e+13	539
1.94427e+13	526
2.04398e+13	574
2.14368e+13	592
2.24339e+13	564
2.3431e+13	554
2.4428e+13	568
2.54251e+13	574
2.64222e+13	591
2.74192e+13	514
2.84163e+13	551
2.94133e+13	559
3.04104e+13	531
3.14075e+13	545
3.24045e+13	537
3.34016e+13	547
3.43987e+13	553
3.53957e+13	526
3.63928e+13	556
3.73898e+13	630
3.83869e+13	567
3.9384e+13	526
4.0381e+13	510
4.13781e+13	543
4.23752e+13	567
4.33722e+13	582
4.43693e+13	556
4.53663e+13	552
4.63634e+13	604
4.73605e+13	534
4.83575e+13	542
4.93546e+13	539
5.03517e+13	535
5.13487e+13	547
5.23458e+13	542
5.33428e+13	589
5.43399e+13	561
5.5337e+13	544
5.6334e+13	559
5.73311e+13	543
5.83282e+13	506
5.93252e+13	505
6.03223e+13	547
6.13193e+13	568
6.23164e+13	589
6.33135e+13	565
6.43105e+13	539
6.53076e+13	519
6.63047e+13	553
6.73017e+13	531
6.82988e+13	572
6.92958e+13	536
7.02929e+13	578
7.129e+13	515
7.2287e+13	529
7.32841e+13	543
7.42811e+13	580
7.52782e+13	557
7.62753e+13	519
7.72723e+13	540
7.82694e+13	512
7.92665e+13	535
8.02635e+13	595
8.12606e+13	551
8.22576e+13	574
8.32547e+13	540
8.42518e+13	594
8.52488e+13	578
8.62459e+13	524
8.7243e+13	549
8.824e+13	561
8.92371e+13	525
9.02342e+13	552
9.12312e+13	547
9.22283e+13	515
9.32253e+13	526
9.42224e+13	509
9.52195e+13	540
9.62165e+13	516
9.72136e+13	536
9.82107e+13	585
9.92077e+13	552
1.00205e+14	552
1.01202e+14	523
1.02199e+14	572
1.03196e+14	510
1.04193e+14	574
1.0519e+14	576
1.06187e+14	538
1.07184e+14	535
1.08181e+14	589
1.09178e+14	528
1.10175e+14	526
1.11172e+14	579
1.1217e+14	486
1.13167e+14	567
1.14164e+14	509
1.15161e+14	568
1.16158e+14	552
1.17155e+14	552
1.18152e+14	570
1.19149e+14	527
1.20146e+14	576
1.21143e+14	550
1.2214e+14	538
1.23137e+14	534
1.24134e+14	547
1.25131e+14	567
1.26128e+14	552
1.27125e+14	556
1.28123e+14	557
1.2912e+14	534
1.30117e+14	550
1.31114e+14	545
1.32111e+14	579
1.33108e+14	565
1.34105e+14	555
1.35102e+14	544
1.36099e+14	562
1.37096e+14	554
1.38093e+14	553
1.3909e+14	576
1.40087e+14	601
1.41084e+14	584
1.42081e+14	542
1.43078e+14	539
1.44076e+14	557
1.45073e+14	553
1.4607e+14	504
1.47067e+14	554
1.48064e+14	562
1.49061e+14	530
1.50058e+14	578
1.51055e+14	564
1.52052e+14	572
1.53049e+14	518
1.54046e+14	491
1.55043e+14	563
1.5604e+14	566
1.57037e+14	546
1.58034e+14	574
1.59031e+14	551
1.60029e+14	547
1.61026e+14	522
1.62023e+14	513
1.6302e+14	565
1.64017e+14	560
1.65014e+14	561
1.66011e+14	545
1.67008e+14	576
1.68005e+14	477
1.69002e+14	529
1.69999e+14	523
1.70996e+14	571
1.71993e+14	557
1.7299e+14	580
1.73987e+14	578
1.74984e+14	559
1.75982e+14	570
1.76979e+14	530
1.77976e+14	510
1.78973e+14	561
1.7997e+14	534
1.80967e+14	566
1.81964e+14	539
1.82961e+14	481
1.83958e+14	551
1.84955e+14	505
1.85952e+14	511
1.86949e+14	532
1.87946e+14	543
1.88943e+14	553
1.8994e+14	553
1.90937e+14	572
1.91935e+14	572
1.92932e+14	516
1.93929e+14	509
1.94926e+14	571
1.95923e+14	614
1.9692e+14	592
1.97917e+14	540
1.98914e+14	566
1.99911e+14	529
2.00908e+14	575
2.01905e+14	601
2.02902e+14	542
2.03899e+14	533
2.04896e+14	557
2.05893e+14	594
2.0689e+14	508
2.07888e+14	541
2.08885e+14	552
2.09882e+14	571
2.10879e+14	559
2.11876e+14	541
2.12873e+14	556
2.1387e+14	542
2.14867e+14	537
2.15864e+14	540
2.16861e+14	505
2.17858e+14	506
2.18855e+14	562
2.19852e+14	551
2.20849e+14	548
2.21846e+14	550
2.22843e+14	548
2.23841e+14	539
2.24838e+14	557
2.25835e+14	546
2.26832e+14	557
2.27829e+14	525
2.28826e+14	591
2.29823e+14	525
2.3082e+14	553
2.31817e+14	568
2.32814e+14	538
2.33811e+14	550
2.34808e+14	559
2.35805e+14	530
2.36802e+14	600
2.37799e+14	557
2.38796e+14	521
2.39794e+14	583
2.40791e+14	565
2.41788e+14	586
2.42785e+14	528
2.43782e+14	530
2.44779e+14	560
2.45776e+14	522
2.46773e+14	532
2.4777e+14	527
2.48767e+14	525
2.49764e+14	572
2.50761e+14	584
2.51758e+14	577
2.52755e+14	580
2.53752e+14	522
2.54749e+14	530
2.55747e+14	561
2.56744e+14	524
2.57741e+14	530
2.58738e+14	556
2.59735e+14	558
2.60732e+14	524
2.61729e+14	507
2.62726e+14	573
2.63723e+14	507
2.6472e+14	540
2.65717e+14	521
2.66714e+14	561
2.67711e+14	558
2.68708e+14	564
2.69705e+14	609
2.70702e+14	530
2.717e+14	499
2.72697e+14	578
2.73694e+14	568
2.74691e+14	550
2.75688e+14	570
2.76685e+14	565
2.77682e+14	552
2.78679e+14	562
2.79676e+14	562
2.80673e+14	580
2.8167e+14	529
2.82667e+14	551
2.83664e+14	537
2.84661e+14	562
2.85658e+14	530
2.86655e+14	538
2.87653e+14	594
2.8865e+14	545
2.89647e+14	542
2.90644e+14	544
2.91641e+14	551
2.92638e+14	534
2.93635e+14	579
2.94632e+14	564
2.95629e+14	568
2.96626e+14	542
2.97623e+14	552
2.9862e+14	545
2.99617e+14	585
