Time [seconds]	Counts
4.98494e+11	113
1.49548e+12	131
2.49247e+12	149
3.48945e+12	136
4.48644e+12	112
5.48343e+12	108
6.48042e+12	103
7.4774e+12	90
8.47439e+12	125
9.47138e+12	111
1.04684e+13	135
1.14654e+13	120
1.24623e+13	119
1.34593e+13	114
1.44563e+13	118
1.54533e+13	110
1.64503e+13	110
1.74473e+13	125
1.84443e+13	124
1.94412e+13	114
2.04382e+13	109
2.14352e+13	111
2.24322e+13	104
2.34292e+13	109
2.44262e+13	113
2.54232e+13	123
2.64202e+13	115
2.74171e+13	117
2.84141e+13	134
2.94111e+13	118
3.04081e+13	117
3.14051e+13	136
3.24021e+13	124
3.33991e+13	124
3.43961e+13	109
3.5393e+13	109
3.639e+13	122
3.7387e+13	125
3.8384e+13	114
3.9381e+13	132
4.0378e+13	138
4.1375e+13	106
4.23719e+13	118
4.33689e+13	127
4.43659e+13	98
4.53629e+13	104
4.63599e+13	124
4.73569e+13	110
4.83539e+13	122
4.93509e+13	106
5.03478e+13	106
5.13448e+13	125
5.23418e+13	114
5.33388e+13	115
5.43358e+13	125
5.53328e+13	107
5.63298e+13	112
5.73268e+13	116
5.83237e+13	129
5.93207e+13	117
6.03177e+13	118
6.13147e+13	119
6.23117e+13	123
6.33087e+13	120
6.43057e+13	131
6.53026e+13	123
6.62996e+13	125
6.72966e+13	138
6.82936e+13	104
6.92906e+13	128
7.02876e+13	121
7.12846e+13	123
7.22816e+13	116
7.32785e+13	110
7.42755e+13	111
7.52725e+13	110
7.62695e+13	117
7.72665e+13	112
7.82635e+13	117
7.92605e+13	125
8.02575e+13	120
8.12544e+13	117
8.22514e+13	129
8.32484e+13	126
8.42454e+13	119
8.52424e+13	122
8.62394e+13	133
8.72364e+13	112
8.82334e+13	115
8.92303e+13	132
9.02273e+13	146
9.12243e+13	119
9.22213e+13	117
9.32183e+13	111
9.42153e+13	111
9.52123e+13	104
9.62092e+13	117
9.72062e+13	102
9.82032e+13	105
9.92002e+13	113
1.00197e+14	116
1.01194e+14	112
1.02191e+14	131
1.03188e+14	142
1.04185e+14	117
1.05182e+14	116
1.06179e+14	112
1.07176e+14	126
1.08173e+14	103
1.0917e+14	133
1.10167e+14	118
1.11164e+14	117
1.12161e+14	116
1.13158e+14	114
1.14155e+14	117
1.15152e+14	115
1.16149e+14	111
1.17146e+14	115
1.18143e+14	111
1.1914e+14	119
1.20137e+14	111
1.21134e+14	133
1.22131e+14	111
1.23128e+14	108
1.24125e+14	128
1.25122e+14	96
1.26119e+14	130
1.27116e+14	109
1.28113e+14	103
1.2911e+14	113
1.30107e+14	123
1.31104e+14	116
1.32101e+14	104
1.33098e+14	122
1.34095e+14	131
1.35092e+14	123
1.36089e+14	102
1.37086e+14	114
1.38083e+14	106
1.3908e+14	116
1.40077e+14	123
1.41074e+14	119
1.42071e+14	102
1.43068e+14	118
1.44065e+14	131
1.45062e+14	128
1.46059e+14	126
1.47056e+14	108
1.48053e+14	123
1.4905e+14	111
1.50047e+14	125
1.51044e+14	119
1.52041e+14	121
1.53038e+14	128
1.54034e+14	105
1.55031e+14	123
1.56028e+14	126
1.57025e+14	129
1.58022e+14	128
1.59019e+14	114
1.60016e+14	119
1.61013e+14	131
1.6201e+14	133
1.63007e+14	119
1.64004e+14	119
1.65001e+14	105
1.65998e+14	113
1.66995e+14	135
1.67992e+14	126
1.68989e+14	100
1.69986e+14	116
1.70983e+14	124
1.7198e+14	122
1.72977e+14	112
1.73974e+14	126
1.74971e+14	111
1.75968e+14	120
1.76965e+14	106
1.77962e+14	117
1.78959e+14	122
1.79956e+14	135
1.80953e+14	119
1.8195e+14	125
1.82947e+14	131
1.83944e+14	122
1.84941e+14	123
1.85938e+14	123
1.86935e+14	118
1.87932e+14	123
1.88929e+14	103
1.89926e+14	122
1.90923e+14	117
1.9192e+14	93
1.92917e+14	111
1.93914e+14	124
1.94911e+14	116
1.95908e+14	133
1.96905e+14	118
1.97902e+14	137
1.98899e+14	124
1.99896e+14	131
2.00893e+14	123
2.0189e+14	108
2.02887e+14	109
2.03884e+14	131
2.04881e+14	132
2.05878e+14	117
2.06875e+14	107
2.07872e+14	108
2.08869e+14	116
2.09866e+14	113
2.10863e+14	116
2.1186e+14	124
2.12857e+14	131
2.13854e+14	123
2.14851e+14	128
2.15848e+14	103
2.16845e+14	93
2.17842e+14	128
2.18839e+14	126
2.19836e+14	110
2.20833e+14	134
2.2183e+14	97
2.22827e+14	132
2.23824e+14	132
2.24821e+14	141
2.25818e+14	123
2.26815e+14	115
2.27812e+14	102
2.28809e+14	128
2.29806e+14	138
2.30802e+14	124
2.31799e+14	123
2.32796e+14	129
2.33793e+14	109
2.3479e+14	129
2.35787e+14	115
2.36784e+14	128
2.37781e+14	122
2.38778e+14	113
2.39775e+14	113
2.40772e+14	140
2.41769e+14	118
2.42766e+14	123
2.43763e+14	129
2.4476e+14	117
2.45757e+14	126
2.46754e+14	112
2.47751e+14	105
2.48748e+14	140
2.49745e+14	115
2.50742e+14	128
2.51739e+14	108
2.52736e+14	120
2.53733e+14	125
2.5473e+14	98
2.55727e+14	132
2.56724e+14	106
2.57721e+14	129
2.58718e+14	135
2.59715e+14	109
2.60712e+14	125
2.61709e+14	144
2.62706e+14	124
2.63703e+14	125
2.647e+14	122
2.65697e+14	126
2.66694e+14	115
2.67691e+14	106
2.68688e+14	131
2.69685e+14	133
2.70682e+14	124
2.71679e+14	127
2.72676e+14	120
2.73673e+14	134
2.7467e+14	118
2.75667e+14	134
2.76664e+14	127
2.77661e+14	98
2.78658e+14	131
2.79655e+14	112
2.80652e+14	103
2.81649e+14	150
2.82646e+14	114
2.83643e+14	111
2.8464e+14	121
2.85637e+14	133
2.86634e+14	117
2.87631e+14	112
2.88628e+14	122
2.89625e+14	104
2.90622e+14	116
2.91619e+14	111
2.92616e+14	123
2.93613e+14	113
2.9461e+14	125
2.95607e+14	138
2.96604e+14	109
2.97601e+14	153
2.98598e+14	95
2.99595e+14	128
