Time [seconds]	Counts
4.98494e+11	200
1.49548e+12	172
2.49247e+12	176
3.48945e+12	193
4.48644e+12	177
5.48343e+12	168
6.48042e+12	191
7.4774e+12	190
8.47439e+12	178
9.47138e+12	187
1.04684e+13	187
1.14654e+13	190
1.24623e+13	197
1.34593e+13	185
1.44563e+13	180
1.54533e+13	190
1.64503e+13	187
1.74473e+13	218
1.84443e+13	187
1.94412e+13	168
2.04382e+13	195
2.14352e+13	182
2.24322e+13	191
2.34292e+13	199
2.44262e+13	195
2.54232e+13	200
2.64202e+13	175
2.74171e+13	191
2.84141e+13	169
2.94111e+13	199
3.04081e+13	187
3.14051e+13	193
3.24021e+13	188
3.33991e+13	184
3.43961e+13	198
3.5393e+13	184
3.639e+13	195
3.7387e+13	191
3.8384e+13	169
3.9381e+13	185
4.0378e+13	201
4.1375e+13	181
4.23719e+13	167
4.33689e+13	180
4.43659e+13	225
4.53629e+13	224
4.63599e+13	216
4.73569e+13	190
4.83539e+13	182
4.93509e+13	162
5.03478e+13	203
5.13448e+13	180
5.23418e+13	166
5.33388e+13	173
5.43358e+13	165
5.53328e+13	165
5.63298e+13	171
5.73268e+13	191
5.83237e+13	202
5.93207e+13	183
6.03177e+13	171
6.13147e+13	183
6.23117e+13	204
6.33087e+13	182
6.43057e+13	173
6.53026e+13	180
6.62996e+13	196
6.72966e+13	188
6.82936e+13	202
6.92906e+13	194
7.02876e+13	189
7.12846e+13	190
7.22816e+13	198
7.32785e+13	205
7.42755e+13	187
7.52725e+13	197
7.62695e+13	184
7.72665e+13	193
7.82635e+13	185
7.92605e+13	183
8.02575e+13	172
8.12544e+13	173
8.22514e+13	181
8.32484e+13	167
8.42454e+13	176
8.52424e+13	181
8.62394e+13	188
8.72364e+13	197
8.82334e+13	199
8.92303e+13	189
9.02273e+13	170
9.12243e+13	189
9.22213e+13	192
9.32183e+13	175
9.42153e+13	187
9.52123e+13	156
9.62092e+13	188
9.72062e+13	186
9.82032e+13	201
9.92002e+13	185
1.00197e+14	197
1.01194e+14	171
1.02191e+14	199
1.03188e+14	191
1.04185e+14	180
1.05182e+14	194
1.06179e+14	195
1.07176e+14	201
1.08173e+14	167
1.0917e+14	181
1.10167e+14	165
1.11164e+14	203
1.12161e+14	165
1.13158e+14	201
1.14155e+14	176
1.15152e+14	201
1.16149e+14	191
1.17146e+14	168
1.18143e+14	184
1.1914e+14	178
1.20137e+14	175
1.21134e+14	171
1.22131e+14	195
1.23128e+14	186
1.24125e+14	203
1.25122e+14	192
1.26119e+14	185
1.27116e+14	188
1.28113e+14	204
1.2911e+14	183
1.30107e+14	179
1.31104e+14	181
1.32101e+14	198
1.33098e+14	176
1.34095e+14	187
1.35092e+14	190
1.36089e+14	176
1.37086e+14	148
1.38083e+14	173
1.3908e+14	189
1.40077e+14	178
1.41074e+14	199
1.42071e+14	214
1.43068e+14	184
1.44065e+14	201
1.45062e+14	210
1.46059e+14	152
1.47056e+14	193
1.48053e+14	173
1.4905e+14	197
1.50047e+14	174
1.51044e+14	199
1.52041e+14	171
1.53038e+14	167
1.54034e+14	196
1.55031e+14	197
1.56028e+14	176
1.57025e+14	207
1.58022e+14	201
1.59019e+14	191
1.60016e+14	189
1.61013e+14	191
1.6201e+14	193
1.63007e+14	165
1.64004e+14	202
1.65001e+14	175
1.65998e+14	176
1.66995e+14	188
1.67992e+14	179
1.68989e+14	170
1.69986e+14	197
1.70983e+14	185
1.7198e+14	201
1.72977e+14	200
1.73974e+14	183
1.74971e+14	181
1.75968e+14	170
1.76965e+14	174
1.77962e+14	194
1.78959e+14	176
1.79956e+14	171
1.80953e+14	204
1.8195e+14	173
1.82947e+14	189
1.83944e+14	168
1.84941e+14	170
1.85938e+14	201
1.86935e+14	178
1.87932e+14	182
1.88929e+14	179
1.89926e+14	180
1.90923e+14	172
1.9192e+14	208
1.92917e+14	171
1.93914e+14	179
1.94911e+14	215
1.95908e+14	192
1.96905e+14	171
1.97902e+14	187
1.98899e+14	194
1.99896e+14	194
2.00893e+14	182
2.0189e+14	168
2.02887e+14	172
2.03884e+14	196
2.04881e+14	182
2.05878e+14	166
2.06875e+14	207
2.07872e+14	195
2.08869e+14	201
2.09866e+14	163
2.10863e+14	186
2.1186e+14	192
2.12857e+14	197
2.13854e+14	173
2.14851e+14	198
2.15848e+14	185
2.16845e+14	225
2.17842e+14	184
2.18839e+14	175
2.19836e+14	183
2.20833e+14	185
2.2183e+14	190
2.22827e+14	181
2.23824e+14	199
2.24821e+14	183
2.25818e+14	211
2.26815e+14	194
2.27812e+14	168
2.28809e+14	195
2.29806e+14	178
2.30802e+14	170
2.31799e+14	189
2.32796e+14	202
2.33793e+14	222
2.3479e+14	183
2.35787e+14	161
2.36784e+14	189
2.37781e+14	192
2.38778e+14	184
2.39775e+14	178
2.40772e+14	187
2.41769e+14	204
2.42766e+14	163
2.43763e+14	206
2.4476e+14	178
2.45757e+14	166
2.46754e+14	173
2.47751e+14	187
2.48748e+14	201
2.49745e+14	181
2.50742e+14	205
2.51739e+14	200
2.52736e+14	207
2.53733e+14	190
2.5473e+14	215
2.55727e+14	178
2.56724e+14	179
2.57721e+14	174
2.58718e+14	197
2.59715e+14	203
2.60712e+14	177
2.61709e+14	172
2.62706e+14	203
2.63703e+14	167
2.647e+14	172
2.65697e+14	213
2.66694e+14	168
2.67691e+14	202
2.68688e+14	191
2.69685e+14	184
2.70682e+14	188
2.71679e+14	197
2.72676e+14	175
2.73673e+14	194
2.7467e+14	196
2.75667e+14	176
2.76664e+14	191
2.77661e+14	194
2.78658e+14	171
2.79655e+14	166
2.80652e+14	175
2.81649e+14	202
2.82646e+14	163
2.83643e+14	206
2.8464e+14	202
2.85637e+14	187
2.86634e+14	188
2.87631e+14	181
2.88628e+14	184
2.89625e+14	184
2.90622e+14	209
2.91619e+14	179
2.92616e+14	177
2.93613e+14	206
2.9461e+14	172
2.95607e+14	185
2.96604e+14	189
2.97601e+14	200
2.98598e+14	158
2.99595e+14	181
