Time [seconds]	Counts
4.98532e+11	201
1.4956e+12	159
2.49266e+12	182
3.48972e+12	169
4.48679e+12	167
5.48385e+12	200
6.48092e+12	200
7.47798e+12	183
8.47505e+12	170
9.47211e+12	214
1.04692e+13	199
1.14662e+13	204
1.24633e+13	197
1.34604e+13	184
1.44574e+13	174
1.54545e+13	193
1.64516e+13	194
1.74486e+13	168
1.84457e+13	187
1.94428e+13	175
2.04398e+13	191
2.14369e+13	186
2.24339e+13	182
2.3431e+13	210
2.44281e+13	176
2.54251e+13	198
2.64222e+13	179
2.74193e+13	175
2.84163e+13	190
2.94134e+13	178
3.04105e+13	178
3.14075e+13	199
3.24046e+13	177
3.34017e+13	175
3.43987e+13	194
3.53958e+13	180
3.63928e+13	188
3.73899e+13	186
3.8387e+13	176
3.9384e+13	177
4.03811e+13	190
4.13782e+13	183
4.23752e+13	201
4.33723e+13	191
4.43694e+13	181
4.53664e+13	204
4.63635e+13	203
4.73605e+13	191
4.83576e+13	156
4.93547e+13	196
5.03517e+13	176
5.13488e+13	178
5.23459e+13	194
5.33429e+13	208
5.434e+13	197
5.53371e+13	160
5.63341e+13	177
5.73312e+13	188
5.83283e+13	189
5.93253e+13	197
6.03224e+13	174
6.13194e+13	181
6.23165e+13	177
6.33136e+13	184
6.43106e+13	190
6.53077e+13	181
6.63048e+13	195
6.73018e+13	151
6.82989e+13	200
6.9296e+13	183
7.0293e+13	194
7.12901e+13	201
7.22872e+13	201
7.32842e+13	195
7.42813e+13	205
7.52783e+13	185
7.62754e+13	205
7.72725e+13	183
7.82695e+13	186
7.92666e+13	202
8.02637e+13	193
8.12607e+13	161
8.22578e+13	184
8.32549e+13	181
8.42519e+13	209
8.5249e+13	201
8.62461e+13	189
8.72431e+13	187
8.82402e+13	204
8.92372e+13	185
9.02343e+13	184
9.12314e+13	199
9.22284e+13	198
9.32255e+13	184
9.42226e+13	213
9.52196e+13	211
9.62167e+13	193
9.72138e+13	194
9.82108e+13	178
9.92079e+13	191
1.00205e+14	187
1.01202e+14	196
1.02199e+14	169
1.03196e+14	167
1.04193e+14	174
1.0519e+14	205
1.06187e+14	208
1.07184e+14	198
1.08181e+14	178
1.09179e+14	200
1.10176e+14	181
1.11173e+14	178
1.1217e+14	178
1.13167e+14	179
1.14164e+14	197
1.15161e+14	180
1.16158e+14	161
1.17155e+14	196
1.18152e+14	206
1.19149e+14	171
1.20146e+14	178
1.21143e+14	203
1.2214e+14	165
1.23137e+14	174
1.24134e+14	184
1.25132e+14	207
1.26129e+14	189
1.27126e+14	204
1.28123e+14	191
1.2912e+14	186
1.30117e+14	196
1.31114e+14	177
1.32111e+14	198
1.33108e+14	188
1.34105e+14	187
1.35102e+14	182
1.36099e+14	173
1.37096e+14	180
1.38093e+14	175
1.3909e+14	181
1.40088e+14	200
1.41085e+14	174
1.42082e+14	199
1.43079e+14	191
1.44076e+14	190
1.45073e+14	188
1.4607e+14	196
1.47067e+14	206
1.48064e+14	216
1.49061e+14	186
1.50058e+14	167
1.51055e+14	178
1.52052e+14	197
1.53049e+14	194
1.54046e+14	156
1.55043e+14	181
1.56041e+14	206
1.57038e+14	192
1.58035e+14	206
1.59032e+14	193
1.60029e+14	168
1.61026e+14	181
1.62023e+14	181
1.6302e+14	188
1.64017e+14	200
1.65014e+14	179
1.66011e+14	187
1.67008e+14	202
1.68005e+14	193
1.69002e+14	198
1.69999e+14	185
1.70997e+14	200
1.71994e+14	172
1.72991e+14	186
1.73988e+14	193
1.74985e+14	185
1.75982e+14	192
1.76979e+14	201
1.77976e+14	209
1.78973e+14	170
1.7997e+14	156
1.80967e+14	184
1.81964e+14	193
1.82961e+14	194
1.83958e+14	212
1.84955e+14	215
1.85952e+14	164
1.8695e+14	203
1.87947e+14	186
1.88944e+14	190
1.89941e+14	205
1.90938e+14	180
1.91935e+14	208
1.92932e+14	186
1.93929e+14	217
1.94926e+14	192
1.95923e+14	184
1.9692e+14	183
1.97917e+14	179
1.98914e+14	178
1.99911e+14	197
2.00908e+14	198
2.01906e+14	216
2.02903e+14	176
2.039e+14	164
2.04897e+14	182
2.05894e+14	179
2.06891e+14	191
2.07888e+14	197
2.08885e+14	193
2.09882e+14	177
2.10879e+14	177
2.11876e+14	209
2.12873e+14	193
2.1387e+14	185
2.14867e+14	185
2.15864e+14	185
2.16861e+14	170
2.17859e+14	196
2.18856e+14	189
2.19853e+14	203
2.2085e+14	210
2.21847e+14	179
2.22844e+14	182
2.23841e+14	150
2.24838e+14	170
2.25835e+14	194
2.26832e+14	198
2.27829e+14	220
2.28826e+14	191
2.29823e+14	185
2.3082e+14	166
2.31817e+14	201
2.32814e+14	202
2.33812e+14	202
2.34809e+14	210
2.35806e+14	180
2.36803e+14	193
2.378e+14	179
2.38797e+14	172
2.39794e+14	177
2.40791e+14	169
2.41788e+14	185
2.42785e+14	193
2.43782e+14	173
2.44779e+14	178
2.45776e+14	196
2.46773e+14	175
2.4777e+14	180
2.48768e+14	199
2.49765e+14	176
2.50762e+14	188
2.51759e+14	156
2.52756e+14	194
2.53753e+14	172
2.5475e+14	196
2.55747e+14	173
2.56744e+14	198
2.57741e+14	187
2.58738e+14	196
2.59735e+14	176
2.60732e+14	208
2.61729e+14	160
2.62726e+14	181
2.63723e+14	197
2.64721e+14	200
2.65718e+14	183
2.66715e+14	176
2.67712e+14	189
2.68709e+14	204
2.69706e+14	197
2.70703e+14	203
2.717e+14	189
2.72697e+14	199
2.73694e+14	183
2.74691e+14	205
2.75688e+14	183
2.76685e+14	202
2.77682e+14	186
2.78679e+14	186
2.79677e+14	201
2.80674e+14	168
2.81671e+14	189
2.82668e+14	194
2.83665e+14	166
2.84662e+14	188
2.85659e+14	208
2.86656e+14	195
2.87653e+14	203
2.8865e+14	176
2.89647e+14	177
2.90644e+14	206
2.91641e+14	198
2.92638e+14	181
2.93635e+14	205
2.94632e+14	207
2.9563e+14	188
2.96627e+14	177
2.97624e+14	172
2.98621e+14	197
2.99618e+14	187
