Time [seconds]	Counts
4.9852e+11	180
1.49556e+12	195
2.4926e+12	172
3.48964e+12	183
4.48668e+12	210
5.48372e+12	195
6.48076e+12	191
7.4778e+12	192
8.47484e+12	175
9.47187e+12	193
1.04689e+13	195
1.1466e+13	190
1.2463e+13	183
1.346e+13	207
1.44571e+13	193
1.54541e+13	197
1.64512e+13	192
1.74482e+13	203
1.84452e+13	194
1.94423e+13	191
2.04393e+13	186
2.14363e+13	196
2.24334e+13	201
2.34304e+13	180
2.44275e+13	171
2.54245e+13	188
2.64215e+13	180
2.74186e+13	193
2.84156e+13	185
2.94127e+13	181
3.04097e+13	179
3.14067e+13	190
3.24038e+13	175
3.34008e+13	187
3.43979e+13	189
3.53949e+13	179
3.63919e+13	179
3.7389e+13	201
3.8386e+13	178
3.93831e+13	183
4.03801e+13	197
4.13771e+13	178
4.23742e+13	186
4.33712e+13	168
4.43683e+13	200
4.53653e+13	171
4.63623e+13	164
4.73594e+13	198
4.83564e+13	174
4.93535e+13	199
5.03505e+13	216
5.13475e+13	206
5.23446e+13	183
5.33416e+13	197
5.43386e+13	168
5.53357e+13	178
5.63327e+13	183
5.73298e+13	204
5.83268e+13	207
5.93238e+13	165
6.03209e+13	178
6.13179e+13	157
6.2315e+13	161
6.3312e+13	189
6.4309e+13	197
6.53061e+13	184
6.63031e+13	167
6.73002e+13	208
6.82972e+13	182
6.92942e+13	164
7.02913e+13	190
7.12883e+13	194
7.22854e+13	200
7.32824e+13	194
7.42794e+13	178
7.52765e+13	183
7.62735e+13	181
7.72706e+13	198
7.82676e+13	202
7.92646e+13	176
8.02617e+13	189
8.12587e+13	175
8.22558e+13	191
8.32528e+13	184
8.42498e+13	161
8.52469e+13	194
8.62439e+13	162
8.7241e+13	169
8.8238e+13	186
8.9235e+13	185
9.02321e+13	199
9.12291e+13	170
9.22261e+13	223
9.32232e+13	190
9.42202e+13	197
9.52173e+13	179
9.62143e+13	199
9.72113e+13	200
9.82084e+13	185
9.92054e+13	167
1.00202e+14	183
1.012e+14	200
1.02197e+14	205
1.03194e+14	196
1.04191e+14	213
1.05188e+14	175
1.06185e+14	189
1.07182e+14	185
1.08179e+14	179
1.09176e+14	171
1.10173e+14	174
1.1117e+14	183
1.12167e+14	202
1.13164e+14	171
1.14161e+14	190
1.15158e+14	214
1.16155e+14	207
1.17152e+14	185
1.18149e+14	190
1.19146e+14	192
1.20143e+14	193
1.2114e+14	216
1.22137e+14	193
1.23134e+14	186
1.24131e+14	176
1.25128e+14	180
1.26125e+14	183
1.27123e+14	171
1.2812e+14	185
1.29117e+14	178
1.30114e+14	173
1.31111e+14	197
1.32108e+14	181
1.33105e+14	180
1.34102e+14	205
1.35099e+14	185
1.36096e+14	190
1.37093e+14	197
1.3809e+14	178
1.39087e+14	170
1.40084e+14	184
1.41081e+14	189
1.42078e+14	188
1.43075e+14	176
1.44072e+14	186
1.45069e+14	191
1.46066e+14	210
1.47063e+14	163
1.4806e+14	198
1.49057e+14	194
1.50054e+14	158
1.51051e+14	194
1.52049e+14	208
1.53046e+14	176
1.54043e+14	197
1.5504e+14	170
1.56037e+14	187
1.57034e+14	203
1.58031e+14	196
1.59028e+14	196
1.60025e+14	195
1.61022e+14	166
1.62019e+14	174
1.63016e+14	179
1.64013e+14	190
1.6501e+14	223
1.66007e+14	178
1.67004e+14	185
1.68001e+14	211
1.68998e+14	178
1.69995e+14	208
1.70992e+14	204
1.71989e+14	185
1.72986e+14	185
1.73983e+14	191
1.7498e+14	192
1.75977e+14	190
1.76974e+14	206
1.77972e+14	235
1.78969e+14	188
1.79966e+14	182
1.80963e+14	187
1.8196e+14	210
1.82957e+14	180
1.83954e+14	200
1.84951e+14	193
1.85948e+14	201
1.86945e+14	194
1.87942e+14	211
1.88939e+14	201
1.89936e+14	216
1.90933e+14	193
1.9193e+14	192
1.92927e+14	190
1.93924e+14	186
1.94921e+14	192
1.95918e+14	197
1.96915e+14	193
1.97912e+14	187
1.98909e+14	189
1.99906e+14	200
2.00903e+14	184
2.019e+14	199
2.02898e+14	174
2.03895e+14	184
2.04892e+14	165
2.05889e+14	198
2.06886e+14	167
2.07883e+14	193
2.0888e+14	195
2.09877e+14	179
2.10874e+14	171
2.11871e+14	169
2.12868e+14	179
2.13865e+14	184
2.14862e+14	188
2.15859e+14	187
2.16856e+14	190
2.17853e+14	198
2.1885e+14	196
2.19847e+14	194
2.20844e+14	199
2.21841e+14	207
2.22838e+14	200
2.23835e+14	187
2.24832e+14	187
2.25829e+14	183
2.26826e+14	194
2.27824e+14	175
2.28821e+14	237
2.29818e+14	173
2.30815e+14	183
2.31812e+14	197
2.32809e+14	196
2.33806e+14	164
2.34803e+14	187
2.358e+14	181
2.36797e+14	173
2.37794e+14	184
2.38791e+14	195
2.39788e+14	181
2.40785e+14	186
2.41782e+14	196
2.42779e+14	196
2.43776e+14	192
2.44773e+14	181
2.4577e+14	227
2.46767e+14	209
2.47764e+14	215
2.48761e+14	205
2.49758e+14	218
2.50755e+14	191
2.51752e+14	189
2.52749e+14	183
2.53747e+14	205
2.54744e+14	196
2.55741e+14	184
2.56738e+14	172
2.57735e+14	187
2.58732e+14	186
2.59729e+14	183
2.60726e+14	184
2.61723e+14	194
2.6272e+14	189
2.63717e+14	198
2.64714e+14	181
2.65711e+14	176
2.66708e+14	175
2.67705e+14	181
2.68702e+14	177
2.69699e+14	189
2.70696e+14	183
2.71693e+14	195
2.7269e+14	186
2.73687e+14	217
2.74684e+14	182
2.75681e+14	199
2.76678e+14	199
2.77675e+14	197
2.78673e+14	183
2.7967e+14	184
2.80667e+14	195
2.81664e+14	186
2.82661e+14	160
2.83658e+14	190
2.84655e+14	187
2.85652e+14	185
2.86649e+14	202
2.87646e+14	204
2.88643e+14	199
2.8964e+14	164
2.90637e+14	179
2.91634e+14	208
2.92631e+14	204
2.93628e+14	190
2.94625e+14	179
2.95622e+14	170
2.96619e+14	191
2.97616e+14	188
2.98613e+14	177
2.9961e+14	164
