Time [seconds]	Counts
4.98528e+11	185
1.49558e+12	151
2.49264e+12	191
3.48969e+12	175
4.48675e+12	167
5.48381e+12	161
6.48086e+12	183
7.47792e+12	171
8.47497e+12	185
9.47203e+12	161
1.04691e+13	187
1.14661e+13	212
1.24632e+13	187
1.34602e+13	191
1.44573e+13	177
1.54544e+13	169
1.64514e+13	200
1.74485e+13	184
1.84455e+13	168
1.94426e+13	188
2.04396e+13	178
2.14367e+13	182
2.24337e+13	179
2.34308e+13	192
2.44279e+13	162
2.54249e+13	177
2.6422e+13	178
2.7419e+13	167
2.84161e+13	180
2.94131e+13	172
3.04102e+13	191
3.14072e+13	180
3.24043e+13	167
3.34014e+13	181
3.43984e+13	192
3.53955e+13	187
3.63925e+13	176
3.73896e+13	211
3.83866e+13	191
3.93837e+13	176
4.03807e+13	175
4.13778e+13	170
4.23749e+13	176
4.33719e+13	185
4.4369e+13	189
4.5366e+13	208
4.63631e+13	185
4.73601e+13	188
4.83572e+13	165
4.93542e+13	174
5.03513e+13	171
5.13484e+13	203
5.23454e+13	166
5.33425e+13	166
5.43395e+13	209
5.53366e+13	176
5.63336e+13	186
5.73307e+13	185
5.83277e+13	178
5.93248e+13	184
6.03219e+13	187
6.13189e+13	190
6.2316e+13	180
6.3313e+13	182
6.43101e+13	191
6.53071e+13	181
6.63042e+13	190
6.73012e+13	200
6.82983e+13	158
6.92954e+13	187
7.02924e+13	183
7.12895e+13	174
7.22865e+13	173
7.32836e+13	174
7.42806e+13	193
7.52777e+13	171
7.62747e+13	176
7.72718e+13	172
7.82688e+13	192
7.92659e+13	202
8.0263e+13	180
8.126e+13	194
8.22571e+13	185
8.32541e+13	192
8.42512e+13	157
8.52482e+13	175
8.62453e+13	178
8.72424e+13	201
8.82394e+13	192
8.92365e+13	177
9.02335e+13	169
9.12306e+13	195
9.22276e+13	202
9.32247e+13	180
9.42217e+13	177
9.52188e+13	167
9.62158e+13	207
9.72129e+13	190
9.821e+13	185
9.9207e+13	166
1.00204e+14	199
1.01201e+14	167
1.02198e+14	178
1.03195e+14	180
1.04192e+14	196
1.05189e+14	152
1.06186e+14	188
1.07183e+14	184
1.08181e+14	199
1.09178e+14	195
1.10175e+14	189
1.11172e+14	188
1.12169e+14	171
1.13166e+14	197
1.14163e+14	174
1.1516e+14	182
1.16157e+14	206
1.17154e+14	151
1.18151e+14	190
1.19148e+14	199
1.20145e+14	189
1.21142e+14	182
1.22139e+14	189
1.23136e+14	176
1.24133e+14	191
1.2513e+14	164
1.26128e+14	200
1.27125e+14	177
1.28122e+14	182
1.29119e+14	180
1.30116e+14	195
1.31113e+14	170
1.3211e+14	174
1.33107e+14	215
1.34104e+14	183
1.35101e+14	193
1.36098e+14	199
1.37095e+14	201
1.38092e+14	223
1.39089e+14	182
1.40086e+14	192
1.41083e+14	188
1.4208e+14	203
1.43077e+14	167
1.44075e+14	157
1.45072e+14	168
1.46069e+14	180
1.47066e+14	181
1.48063e+14	178
1.4906e+14	155
1.50057e+14	187
1.51054e+14	181
1.52051e+14	176
1.53048e+14	162
1.54045e+14	201
1.55042e+14	172
1.56039e+14	188
1.57036e+14	193
1.58033e+14	199
1.5903e+14	204
1.60027e+14	173
1.61024e+14	179
1.62022e+14	185
1.63019e+14	189
1.64016e+14	154
1.65013e+14	209
1.6601e+14	173
1.67007e+14	194
1.68004e+14	177
1.69001e+14	174
1.69998e+14	177
1.70995e+14	164
1.71992e+14	172
1.72989e+14	198
1.73986e+14	172
1.74983e+14	189
1.7598e+14	186
1.76977e+14	172
1.77974e+14	201
1.78971e+14	194
1.79969e+14	193
1.80966e+14	166
1.81963e+14	181
1.8296e+14	182
1.83957e+14	172
1.84954e+14	185
1.85951e+14	199
1.86948e+14	190
1.87945e+14	191
1.88942e+14	191
1.89939e+14	175
1.90936e+14	189
1.91933e+14	193
1.9293e+14	166
1.93927e+14	179
1.94924e+14	181
1.95921e+14	182
1.96918e+14	163
1.97915e+14	154
1.98913e+14	170
1.9991e+14	169
2.00907e+14	165
2.01904e+14	205
2.02901e+14	184
2.03898e+14	171
2.04895e+14	171
2.05892e+14	166
2.06889e+14	177
2.07886e+14	189
2.08883e+14	182
2.0988e+14	171
2.10877e+14	204
2.11874e+14	173
2.12871e+14	169
2.13868e+14	198
2.14865e+14	173
2.15863e+14	166
2.1686e+14	175
2.17857e+14	180
2.18854e+14	187
2.19851e+14	165
2.20848e+14	180
2.21845e+14	186
2.22842e+14	206
2.23839e+14	193
2.24836e+14	164
2.25833e+14	165
2.2683e+14	188
2.27827e+14	182
2.28824e+14	173
2.29821e+14	211
2.30818e+14	169
2.31815e+14	191
2.32812e+14	181
2.33809e+14	176
2.34807e+14	174
2.35804e+14	196
2.36801e+14	184
2.37798e+14	190
2.38795e+14	184
2.39792e+14	194
2.40789e+14	161
2.41786e+14	160
2.42783e+14	189
2.4378e+14	160
2.44777e+14	183
2.45774e+14	155
2.46771e+14	197
2.47768e+14	174
2.48765e+14	195
2.49762e+14	190
2.50759e+14	187
2.51757e+14	170
2.52754e+14	185
2.53751e+14	187
2.54748e+14	195
2.55745e+14	205
2.56742e+14	207
2.57739e+14	180
2.58736e+14	173
2.59733e+14	178
2.6073e+14	164
2.61727e+14	193
2.62724e+14	178
2.63721e+14	198
2.64718e+14	172
2.65715e+14	184
2.66712e+14	191
2.67709e+14	171
2.68706e+14	172
2.69703e+14	185
2.70701e+14	176
2.71698e+14	156
2.72695e+14	180
2.73692e+14	186
2.74689e+14	190
2.75686e+14	161
2.76683e+14	186
2.7768e+14	201
2.78677e+14	197
2.79674e+14	183
2.80671e+14	154
2.81668e+14	194
2.82665e+14	158
2.83662e+14	165
2.84659e+14	162
2.85656e+14	191
2.86653e+14	169
2.87651e+14	174
2.88648e+14	176
2.89645e+14	161
2.90642e+14	172
2.91639e+14	196
2.92636e+14	211
2.93633e+14	179
2.9463e+14	183
2.95627e+14	180
2.96624e+14	161
2.97621e+14	200
2.98618e+14	152
2.99615e+14	176
