Time [seconds]	Counts
4.98519e+11	196
1.49556e+12	218
2.4926e+12	225
3.48964e+12	215
4.48668e+12	208
5.48371e+12	224
6.48075e+12	229
7.47779e+12	221
8.47483e+12	211
9.47187e+12	225
1.04689e+13	234
1.14659e+13	217
1.2463e+13	216
1.346e+13	209
1.44571e+13	215
1.54541e+13	194
1.64511e+13	189
1.74482e+13	220
1.84452e+13	233
1.94423e+13	233
2.04393e+13	234
2.14363e+13	198
2.24334e+13	206
2.34304e+13	208
2.44275e+13	215
2.54245e+13	211
2.64215e+13	245
2.74186e+13	219
2.84156e+13	211
2.94126e+13	209
3.04097e+13	232
3.14067e+13	199
3.24038e+13	202
3.34008e+13	216
3.43978e+13	220
3.53949e+13	228
3.63919e+13	207
3.7389e+13	222
3.8386e+13	205
3.9383e+13	194
4.03801e+13	201
4.13771e+13	200
4.23742e+13	227
4.33712e+13	219
4.43682e+13	227
4.53653e+13	229
4.63623e+13	239
4.73594e+13	233
4.83564e+13	216
4.93534e+13	190
5.03505e+13	222
5.13475e+13	210
5.23445e+13	210
5.33416e+13	207
5.43386e+13	185
5.53357e+13	210
5.63327e+13	218
5.73297e+13	225
5.83268e+13	188
5.93238e+13	206
6.03209e+13	221
6.13179e+13	208
6.23149e+13	202
6.3312e+13	215
6.4309e+13	217
6.53061e+13	227
6.63031e+13	200
6.73001e+13	216
6.82972e+13	237
6.92942e+13	186
7.02912e+13	195
7.12883e+13	204
7.22853e+13	224
7.32824e+13	228
7.42794e+13	238
7.52764e+13	211
7.62735e+13	219
7.72705e+13	194
7.82676e+13	225
7.92646e+13	228
8.02616e+13	221
8.12587e+13	228
8.22557e+13	194
8.32527e+13	218
8.42498e+13	205
8.52468e+13	224
8.62439e+13	207
8.72409e+13	216
8.82379e+13	204
8.9235e+13	212
9.0232e+13	203
9.12291e+13	212
9.22261e+13	202
9.32231e+13	242
9.42202e+13	208
9.52172e+13	201
9.62143e+13	217
9.72113e+13	217
9.82083e+13	240
9.92054e+13	211
1.00202e+14	221
1.01199e+14	200
1.02196e+14	224
1.03194e+14	240
1.04191e+14	194
1.05188e+14	200
1.06185e+14	223
1.07182e+14	222
1.08179e+14	188
1.09176e+14	214
1.10173e+14	202
1.1117e+14	221
1.12167e+14	231
1.13164e+14	185
1.14161e+14	195
1.15158e+14	228
1.16155e+14	205
1.17152e+14	200
1.18149e+14	187
1.19146e+14	189
1.20143e+14	204
1.2114e+14	193
1.22137e+14	214
1.23134e+14	214
1.24131e+14	197
1.25128e+14	253
1.26125e+14	217
1.27122e+14	206
1.2812e+14	226
1.29117e+14	188
1.30114e+14	234
1.31111e+14	218
1.32108e+14	212
1.33105e+14	208
1.34102e+14	202
1.35099e+14	217
1.36096e+14	220
1.37093e+14	194
1.3809e+14	207
1.39087e+14	202
1.40084e+14	235
1.41081e+14	207
1.42078e+14	218
1.43075e+14	218
1.44072e+14	220
1.45069e+14	217
1.46066e+14	208
1.47063e+14	198
1.4806e+14	221
1.49057e+14	216
1.50054e+14	199
1.51051e+14	203
1.52048e+14	199
1.53045e+14	220
1.54043e+14	220
1.5504e+14	205
1.56037e+14	188
1.57034e+14	219
1.58031e+14	216
1.59028e+14	193
1.60025e+14	219
1.61022e+14	224
1.62019e+14	215
1.63016e+14	218
1.64013e+14	221
1.6501e+14	228
1.66007e+14	208
1.67004e+14	234
1.68001e+14	217
1.68998e+14	210
1.69995e+14	200
1.70992e+14	222
1.71989e+14	223
1.72986e+14	224
1.73983e+14	222
1.7498e+14	219
1.75977e+14	216
1.76974e+14	214
1.77971e+14	222
1.78968e+14	203
1.79966e+14	224
1.80963e+14	223
1.8196e+14	207
1.82957e+14	187
1.83954e+14	230
1.84951e+14	208
1.85948e+14	203
1.86945e+14	194
1.87942e+14	180
1.88939e+14	208
1.89936e+14	214
1.90933e+14	200
1.9193e+14	209
1.92927e+14	247
1.93924e+14	236
1.94921e+14	240
1.95918e+14	216
1.96915e+14	190
1.97912e+14	219
1.98909e+14	217
1.99906e+14	205
2.00903e+14	227
2.019e+14	213
2.02897e+14	243
2.03894e+14	234
2.04891e+14	224
2.05889e+14	208
2.06886e+14	234
2.07883e+14	215
2.0888e+14	205
2.09877e+14	224
2.10874e+14	224
2.11871e+14	201
2.12868e+14	220
2.13865e+14	212
2.14862e+14	215
2.15859e+14	200
2.16856e+14	196
2.17853e+14	230
2.1885e+14	204
2.19847e+14	205
2.20844e+14	205
2.21841e+14	209
2.22838e+14	199
2.23835e+14	209
2.24832e+14	203
2.25829e+14	209
2.26826e+14	212
2.27823e+14	226
2.2882e+14	189
2.29817e+14	207
2.30815e+14	208
2.31812e+14	189
2.32809e+14	226
2.33806e+14	217
2.34803e+14	191
2.358e+14	219
2.36797e+14	209
2.37794e+14	212
2.38791e+14	198
2.39788e+14	225
2.40785e+14	198
2.41782e+14	207
2.42779e+14	202
2.43776e+14	214
2.44773e+14	212
2.4577e+14	217
2.46767e+14	239
2.47764e+14	200
2.48761e+14	215
2.49758e+14	210
2.50755e+14	246
2.51752e+14	210
2.52749e+14	228
2.53746e+14	187
2.54743e+14	195
2.5574e+14	221
2.56738e+14	230
2.57735e+14	227
2.58732e+14	196
2.59729e+14	208
2.60726e+14	217
2.61723e+14	220
2.6272e+14	216
2.63717e+14	200
2.64714e+14	200
2.65711e+14	201
2.66708e+14	207
2.67705e+14	189
2.68702e+14	187
2.69699e+14	211
2.70696e+14	210
2.71693e+14	214
2.7269e+14	213
2.73687e+14	223
2.74684e+14	227
2.75681e+14	229
2.76678e+14	206
2.77675e+14	213
2.78672e+14	190
2.79669e+14	211
2.80666e+14	208
2.81663e+14	205
2.82661e+14	191
2.83658e+14	201
2.84655e+14	216
2.85652e+14	210
2.86649e+14	192
2.87646e+14	213
2.88643e+14	209
2.8964e+14	187
2.90637e+14	199
2.91634e+14	193
2.92631e+14	228
2.93628e+14	199
2.94625e+14	202
2.95622e+14	229
2.96619e+14	208
2.97616e+14	200
2.98613e+14	219
2.9961e+14	200
