Time [seconds]	Counts
4.98537e+11	118
1.49561e+12	122
2.49269e+12	122
3.48976e+12	113
4.48684e+12	118
5.48391e+12	116
6.48098e+12	102
7.47806e+12	94
8.47513e+12	122
9.47221e+12	121
1.04693e+13	112
1.14664e+13	96
1.24634e+13	104
1.34605e+13	93
1.44576e+13	123
1.54547e+13	123
1.64517e+13	98
1.74488e+13	115
1.84459e+13	91
1.9443e+13	134
2.044e+13	114
2.14371e+13	121
2.24342e+13	129
2.34313e+13	109
2.44283e+13	112
2.54254e+13	106
2.64225e+13	81
2.74195e+13	135
2.84166e+13	109
2.94137e+13	98
3.04108e+13	116
3.14078e+13	105
3.24049e+13	128
3.3402e+13	126
3.43991e+13	90
3.53961e+13	118
3.63932e+13	112
3.73903e+13	121
3.83874e+13	111
3.93844e+13	108
4.03815e+13	112
4.13786e+13	127
4.23757e+13	120
4.33727e+13	118
4.43698e+13	94
4.53669e+13	138
4.6364e+13	102
4.7361e+13	122
4.83581e+13	107
4.93552e+13	127
5.03523e+13	123
5.13493e+13	138
5.23464e+13	112
5.33435e+13	116
5.43406e+13	109
5.53376e+13	117
5.63347e+13	115
5.73318e+13	103
5.83289e+13	120
5.93259e+13	102
6.0323e+13	116
6.13201e+13	110
6.23172e+13	105
6.33142e+13	96
6.43113e+13	108
6.53084e+13	118
6.63055e+13	94
6.73025e+13	99
6.82996e+13	88
6.92967e+13	109
7.02938e+13	119
7.12908e+13	116
7.22879e+13	96
7.3285e+13	127
7.4282e+13	88
7.52791e+13	101
7.62762e+13	117
7.72733e+13	112
7.82703e+13	113
7.92674e+13	119
8.02645e+13	102
8.12616e+13	105
8.22586e+13	95
8.32557e+13	118
8.42528e+13	116
8.52499e+13	78
8.62469e+13	108
8.7244e+13	109
8.82411e+13	115
8.92382e+13	107
9.02352e+13	129
9.12323e+13	121
9.22294e+13	109
9.32265e+13	115
9.42235e+13	102
9.52206e+13	96
9.62177e+13	107
9.72148e+13	119
9.82118e+13	115
9.92089e+13	94
1.00206e+14	102
1.01203e+14	98
1.022e+14	111
1.03197e+14	107
1.04194e+14	113
1.05191e+14	118
1.06188e+14	105
1.07186e+14	119
1.08183e+14	113
1.0918e+14	105
1.10177e+14	128
1.11174e+14	113
1.12171e+14	105
1.13168e+14	116
1.14165e+14	132
1.15162e+14	104
1.16159e+14	137
1.17156e+14	104
1.18153e+14	109
1.1915e+14	115
1.20147e+14	95
1.21145e+14	132
1.22142e+14	125
1.23139e+14	121
1.24136e+14	124
1.25133e+14	111
1.2613e+14	106
1.27127e+14	97
1.28124e+14	91
1.29121e+14	122
1.30118e+14	94
1.31115e+14	120
1.32112e+14	115
1.33109e+14	99
1.34107e+14	103
1.35104e+14	110
1.36101e+14	107
1.37098e+14	120
1.38095e+14	90
1.39092e+14	114
1.40089e+14	131
1.41086e+14	114
1.42083e+14	111
1.4308e+14	113
1.44077e+14	101
1.45074e+14	118
1.46071e+14	114
1.47068e+14	132
1.48066e+14	106
1.49063e+14	108
1.5006e+14	110
1.51057e+14	114
1.52054e+14	107
1.53051e+14	106
1.54048e+14	123
1.55045e+14	127
1.56042e+14	99
1.57039e+14	113
1.58036e+14	102
1.59033e+14	127
1.6003e+14	130
1.61028e+14	115
1.62025e+14	124
1.63022e+14	116
1.64019e+14	93
1.65016e+14	105
1.66013e+14	136
1.6701e+14	110
1.68007e+14	112
1.69004e+14	97
1.70001e+14	108
1.70998e+14	108
1.71995e+14	107
1.72992e+14	112
1.73989e+14	106
1.74987e+14	109
1.75984e+14	114
1.76981e+14	104
1.77978e+14	118
1.78975e+14	107
1.79972e+14	105
1.80969e+14	100
1.81966e+14	117
1.82963e+14	135
1.8396e+14	95
1.84957e+14	114
1.85954e+14	105
1.86951e+14	102
1.87949e+14	114
1.88946e+14	103
1.89943e+14	103
1.9094e+14	115
1.91937e+14	140
1.92934e+14	105
1.93931e+14	96
1.94928e+14	115
1.95925e+14	118
1.96922e+14	120
1.97919e+14	108
1.98916e+14	120
1.99913e+14	117
2.00911e+14	119
2.01908e+14	111
2.02905e+14	110
2.03902e+14	114
2.04899e+14	121
2.05896e+14	120
2.06893e+14	122
2.0789e+14	123
2.08887e+14	100
2.09884e+14	116
2.10881e+14	107
2.11878e+14	124
2.12875e+14	116
2.13872e+14	98
2.1487e+14	118
2.15867e+14	118
2.16864e+14	108
2.17861e+14	118
2.18858e+14	125
2.19855e+14	120
2.20852e+14	130
2.21849e+14	104
2.22846e+14	119
2.23843e+14	119
2.2484e+14	117
2.25837e+14	121
2.26834e+14	112
2.27832e+14	105
2.28829e+14	100
2.29826e+14	110
2.30823e+14	110
2.3182e+14	111
2.32817e+14	107
2.33814e+14	106
2.34811e+14	105
2.35808e+14	111
2.36805e+14	117
2.37802e+14	102
2.38799e+14	123
2.39796e+14	98
2.40793e+14	90
2.41791e+14	108
2.42788e+14	102
2.43785e+14	117
2.44782e+14	122
2.45779e+14	123
2.46776e+14	124
2.47773e+14	120
2.4877e+14	108
2.49767e+14	126
2.50764e+14	104
2.51761e+14	128
2.52758e+14	125
2.53755e+14	99
2.54753e+14	106
2.5575e+14	98
2.56747e+14	119
2.57744e+14	107
2.58741e+14	111
2.59738e+14	110
2.60735e+14	104
2.61732e+14	122
2.62729e+14	106
2.63726e+14	118
2.64723e+14	121
2.6572e+14	126
2.66717e+14	113
2.67715e+14	93
2.68712e+14	105
2.69709e+14	99
2.70706e+14	103
2.71703e+14	101
2.727e+14	116
2.73697e+14	118
2.74694e+14	97
2.75691e+14	128
2.76688e+14	105
2.77685e+14	106
2.78682e+14	103
2.79679e+14	124
2.80676e+14	120
2.81674e+14	116
2.82671e+14	78
2.83668e+14	123
2.84665e+14	107
2.85662e+14	100
2.86659e+14	110
2.87656e+14	99
2.88653e+14	111
2.8965e+14	107
2.90647e+14	105
2.91644e+14	125
2.92641e+14	101
2.93638e+14	117
2.94635e+14	103
2.95633e+14	126
2.9663e+14	119
2.97627e+14	116
2.98624e+14	112
2.99621e+14	88
