Time [seconds]	Counts
4.98543e+11	258
1.49563e+12	256
2.49271e+12	262
3.4898e+12	287
4.48688e+12	261
5.48397e+12	269
6.48105e+12	287
7.47814e+12	265
8.47522e+12	288
9.47231e+12	274
1.04694e+13	234
1.14665e+13	259
1.24636e+13	281
1.34606e+13	264
1.44577e+13	263
1.54548e+13	247
1.64519e+13	251
1.7449e+13	283
1.84461e+13	254
1.94432e+13	245
2.04402e+13	256
2.14373e+13	260
2.24344e+13	265
2.34315e+13	277
2.44286e+13	274
2.54257e+13	255
2.64228e+13	249
2.74198e+13	265
2.84169e+13	272
2.9414e+13	270
3.04111e+13	255
3.14082e+13	270
3.24053e+13	268
3.34024e+13	275
3.43994e+13	261
3.53965e+13	271
3.63936e+13	280
3.73907e+13	247
3.83878e+13	297
3.93849e+13	302
4.03819e+13	271
4.1379e+13	271
4.23761e+13	273
4.33732e+13	263
4.43703e+13	252
4.53674e+13	296
4.63645e+13	265
4.73615e+13	251
4.83586e+13	261
4.93557e+13	279
5.03528e+13	268
5.13499e+13	272
5.2347e+13	288
5.33441e+13	286
5.43411e+13	292
5.53382e+13	284
5.63353e+13	269
5.73324e+13	244
5.83295e+13	284
5.93266e+13	268
6.03237e+13	285
6.13207e+13	254
6.23178e+13	282
6.33149e+13	244
6.4312e+13	266
6.53091e+13	265
6.63062e+13	251
6.73032e+13	283
6.83003e+13	247
6.92974e+13	228
7.02945e+13	253
7.12916e+13	256
7.22887e+13	264
7.32858e+13	271
7.42828e+13	244
7.52799e+13	262
7.6277e+13	262
7.72741e+13	264
7.82712e+13	268
7.92683e+13	240
8.02654e+13	253
8.12624e+13	284
8.22595e+13	270
8.32566e+13	260
8.42537e+13	261
8.52508e+13	279
8.62479e+13	259
8.7245e+13	272
8.8242e+13	306
8.92391e+13	294
9.02362e+13	273
9.12333e+13	252
9.22304e+13	256
9.32275e+13	264
9.42245e+13	274
9.52216e+13	277
9.62187e+13	293
9.72158e+13	250
9.82129e+13	268
9.921e+13	305
1.00207e+14	258
1.01204e+14	294
1.02201e+14	281
1.03198e+14	271
1.04195e+14	256
1.05192e+14	251
1.0619e+14	293
1.07187e+14	244
1.08184e+14	256
1.09181e+14	273
1.10178e+14	281
1.11175e+14	286
1.12172e+14	260
1.13169e+14	295
1.14166e+14	292
1.15163e+14	272
1.1616e+14	259
1.17158e+14	258
1.18155e+14	268
1.19152e+14	250
1.20149e+14	255
1.21146e+14	249
1.22143e+14	262
1.2314e+14	242
1.24137e+14	277
1.25134e+14	256
1.26131e+14	271
1.27128e+14	300
1.28125e+14	265
1.29123e+14	268
1.3012e+14	273
1.31117e+14	268
1.32114e+14	259
1.33111e+14	253
1.34108e+14	269
1.35105e+14	233
1.36102e+14	280
1.37099e+14	270
1.38096e+14	248
1.39093e+14	274
1.4009e+14	292
1.41088e+14	244
1.42085e+14	276
1.43082e+14	259
1.44079e+14	225
1.45076e+14	256
1.46073e+14	244
1.4707e+14	260
1.48067e+14	283
1.49064e+14	270
1.50061e+14	286
1.51058e+14	271
1.52055e+14	271
1.53053e+14	256
1.5405e+14	303
1.55047e+14	251
1.56044e+14	259
1.57041e+14	265
1.58038e+14	262
1.59035e+14	260
1.60032e+14	265
1.61029e+14	276
1.62026e+14	263
1.63023e+14	256
1.64021e+14	274
1.65018e+14	255
1.66015e+14	256
1.67012e+14	252
1.68009e+14	255
1.69006e+14	237
1.70003e+14	271
1.71e+14	289
1.71997e+14	269
1.72994e+14	254
1.73991e+14	260
1.74988e+14	252
1.75986e+14	257
1.76983e+14	260
1.7798e+14	270
1.78977e+14	254
1.79974e+14	247
1.80971e+14	258
1.81968e+14	253
1.82965e+14	296
1.83962e+14	292
1.84959e+14	272
1.85956e+14	260
1.86953e+14	258
1.87951e+14	268
1.88948e+14	256
1.89945e+14	275
1.90942e+14	262
1.91939e+14	256
1.92936e+14	279
1.93933e+14	288
1.9493e+14	273
1.95927e+14	257
1.96924e+14	253
1.97921e+14	266
1.98918e+14	274
1.99916e+14	265
2.00913e+14	263
2.0191e+14	252
2.02907e+14	263
2.03904e+14	264
2.04901e+14	287
2.05898e+14	244
2.06895e+14	268
2.07892e+14	260
2.08889e+14	268
2.09886e+14	253
2.10884e+14	245
2.11881e+14	298
2.12878e+14	269
2.13875e+14	251
2.14872e+14	279
2.15869e+14	249
2.16866e+14	275
2.17863e+14	279
2.1886e+14	253
2.19857e+14	269
2.20854e+14	310
2.21851e+14	273
2.22849e+14	260
2.23846e+14	283
2.24843e+14	313
2.2584e+14	260
2.26837e+14	267
2.27834e+14	271
2.28831e+14	299
2.29828e+14	279
2.30825e+14	277
2.31822e+14	268
2.32819e+14	236
2.33816e+14	284
2.34814e+14	268
2.35811e+14	260
2.36808e+14	282
2.37805e+14	264
2.38802e+14	279
2.39799e+14	275
2.40796e+14	274
2.41793e+14	305
2.4279e+14	241
2.43787e+14	262
2.44784e+14	281
2.45782e+14	257
2.46779e+14	278
2.47776e+14	268
2.48773e+14	269
2.4977e+14	264
2.50767e+14	266
2.51764e+14	253
2.52761e+14	277
2.53758e+14	266
2.54755e+14	273
2.55752e+14	247
2.56749e+14	289
2.57747e+14	270
2.58744e+14	250
2.59741e+14	245
2.60738e+14	284
2.61735e+14	291
2.62732e+14	258
2.63729e+14	283
2.64726e+14	281
2.65723e+14	277
2.6672e+14	262
2.67717e+14	260
2.68714e+14	242
2.69712e+14	260
2.70709e+14	233
2.71706e+14	268
2.72703e+14	264
2.737e+14	294
2.74697e+14	258
2.75694e+14	276
2.76691e+14	255
2.77688e+14	277
2.78685e+14	293
2.79682e+14	268
2.80679e+14	264
2.81677e+14	246
2.82674e+14	291
2.83671e+14	265
2.84668e+14	266
2.85665e+14	252
2.86662e+14	229
2.87659e+14	270
2.88656e+14	256
2.89653e+14	250
2.9065e+14	260
2.91647e+14	259
2.92645e+14	273
2.93642e+14	272
2.94639e+14	269
2.95636e+14	301
2.96633e+14	273
2.9763e+14	265
2.98627e+14	274
2.99624e+14	277
