Time [seconds]	Counts
4.98536e+11	186
1.49561e+12	174
2.49268e+12	183
3.48975e+12	185
4.48683e+12	194
5.4839e+12	187
6.48097e+12	199
7.47804e+12	176
8.47512e+12	186
9.47219e+12	178
1.04693e+13	206
1.14663e+13	194
1.24634e+13	188
1.34605e+13	185
1.44576e+13	192
1.54546e+13	174
1.64517e+13	166
1.74488e+13	191
1.84458e+13	184
1.94429e+13	175
2.044e+13	198
2.14371e+13	202
2.24341e+13	196
2.34312e+13	194
2.44283e+13	182
2.54253e+13	166
2.64224e+13	197
2.74195e+13	199
2.84166e+13	195
2.94136e+13	173
3.04107e+13	170
3.14078e+13	202
3.24049e+13	201
3.34019e+13	157
3.4399e+13	175
3.53961e+13	188
3.63931e+13	173
3.73902e+13	174
3.83873e+13	176
3.93844e+13	190
4.03814e+13	192
4.13785e+13	191
4.23756e+13	196
4.33727e+13	183
4.43697e+13	181
4.53668e+13	192
4.63639e+13	202
4.73609e+13	186
4.8358e+13	190
4.93551e+13	179
5.03522e+13	184
5.13492e+13	176
5.23463e+13	169
5.33434e+13	210
5.43405e+13	175
5.53375e+13	159
5.63346e+13	173
5.73317e+13	178
5.83287e+13	185
5.93258e+13	198
6.03229e+13	182
6.132e+13	190
6.2317e+13	192
6.33141e+13	210
6.43112e+13	180
6.53082e+13	151
6.63053e+13	176
6.73024e+13	184
6.82995e+13	179
6.92965e+13	174
7.02936e+13	190
7.12907e+13	171
7.22878e+13	160
7.32848e+13	184
7.42819e+13	195
7.5279e+13	197
7.6276e+13	192
7.72731e+13	201
7.82702e+13	174
7.92673e+13	210
8.02643e+13	197
8.12614e+13	179
8.22585e+13	176
8.32556e+13	210
8.42526e+13	174
8.52497e+13	182
8.62468e+13	202
8.72438e+13	197
8.82409e+13	188
8.9238e+13	171
9.02351e+13	160
9.12321e+13	147
9.22292e+13	193
9.32263e+13	150
9.42233e+13	184
9.52204e+13	185
9.62175e+13	198
9.72146e+13	176
9.82116e+13	189
9.92087e+13	172
1.00206e+14	172
1.01203e+14	168
1.022e+14	198
1.03197e+14	191
1.04194e+14	185
1.05191e+14	189
1.06188e+14	183
1.07185e+14	154
1.08182e+14	199
1.09179e+14	180
1.10177e+14	190
1.11174e+14	154
1.12171e+14	202
1.13168e+14	184
1.14165e+14	209
1.15162e+14	202
1.16159e+14	191
1.17156e+14	188
1.18153e+14	176
1.1915e+14	179
1.20147e+14	199
1.21144e+14	186
1.22141e+14	165
1.23138e+14	172
1.24136e+14	166
1.25133e+14	207
1.2613e+14	178
1.27127e+14	159
1.28124e+14	186
1.29121e+14	162
1.30118e+14	161
1.31115e+14	164
1.32112e+14	185
1.33109e+14	183
1.34106e+14	195
1.35103e+14	199
1.361e+14	169
1.37097e+14	186
1.38095e+14	212
1.39092e+14	168
1.40089e+14	169
1.41086e+14	176
1.42083e+14	212
1.4308e+14	186
1.44077e+14	189
1.45074e+14	189
1.46071e+14	182
1.47068e+14	193
1.48065e+14	180
1.49062e+14	186
1.50059e+14	195
1.51056e+14	207
1.52054e+14	166
1.53051e+14	172
1.54048e+14	194
1.55045e+14	168
1.56042e+14	219
1.57039e+14	179
1.58036e+14	169
1.59033e+14	185
1.6003e+14	168
1.61027e+14	162
1.62024e+14	192
1.63021e+14	209
1.64018e+14	208
1.65015e+14	167
1.66013e+14	187
1.6701e+14	187
1.68007e+14	184
1.69004e+14	158
1.70001e+14	148
1.70998e+14	178
1.71995e+14	197
1.72992e+14	167
1.73989e+14	205
1.74986e+14	190
1.75983e+14	161
1.7698e+14	186
1.77977e+14	180
1.78975e+14	173
1.79972e+14	171
1.80969e+14	161
1.81966e+14	157
1.82963e+14	166
1.8396e+14	184
1.84957e+14	167
1.85954e+14	186
1.86951e+14	198
1.87948e+14	195
1.88945e+14	179
1.89942e+14	183
1.90939e+14	194
1.91936e+14	189
1.92934e+14	191
1.93931e+14	185
1.94928e+14	201
1.95925e+14	194
1.96922e+14	180
1.97919e+14	162
1.98916e+14	173
1.99913e+14	182
2.0091e+14	184
2.01907e+14	167
2.02904e+14	157
2.03901e+14	171
2.04898e+14	188
2.05895e+14	186
2.06893e+14	187
2.0789e+14	204
2.08887e+14	164
2.09884e+14	198
2.10881e+14	187
2.11878e+14	193
2.12875e+14	185
2.13872e+14	175
2.14869e+14	189
2.15866e+14	184
2.16863e+14	198
2.1786e+14	178
2.18857e+14	188
2.19854e+14	170
2.20852e+14	194
2.21849e+14	171
2.22846e+14	183
2.23843e+14	182
2.2484e+14	207
2.25837e+14	167
2.26834e+14	174
2.27831e+14	182
2.28828e+14	189
2.29825e+14	157
2.30822e+14	184
2.31819e+14	171
2.32816e+14	158
2.33813e+14	181
2.34811e+14	208
2.35808e+14	174
2.36805e+14	173
2.37802e+14	195
2.38799e+14	172
2.39796e+14	167
2.40793e+14	196
2.4179e+14	190
2.42787e+14	201
2.43784e+14	159
2.44781e+14	208
2.45778e+14	185
2.46775e+14	202
2.47773e+14	207
2.4877e+14	189
2.49767e+14	173
2.50764e+14	175
2.51761e+14	185
2.52758e+14	191
2.53755e+14	196
2.54752e+14	188
2.55749e+14	162
2.56746e+14	178
2.57743e+14	178
2.5874e+14	184
2.59737e+14	188
2.60734e+14	165
2.61732e+14	151
2.62729e+14	171
2.63726e+14	163
2.64723e+14	184
2.6572e+14	199
2.66717e+14	168
2.67714e+14	172
2.68711e+14	218
2.69708e+14	148
2.70705e+14	165
2.71702e+14	215
2.72699e+14	185
2.73696e+14	182
2.74693e+14	211
2.75691e+14	164
2.76688e+14	162
2.77685e+14	196
2.78682e+14	176
2.79679e+14	192
2.80676e+14	194
2.81673e+14	194
2.8267e+14	186
2.83667e+14	205
2.84664e+14	173
2.85661e+14	194
2.86658e+14	182
2.87655e+14	180
2.88652e+14	187
2.8965e+14	194
2.90647e+14	191
2.91644e+14	178
2.92641e+14	192
2.93638e+14	175
2.94635e+14	156
2.95632e+14	195
2.96629e+14	156
2.97626e+14	164
2.98623e+14	178
2.9962e+14	176
